 -14635
 31862
 -28994
 -17816
 -29262
 5560
 -3783
 11063
 -676
 -6065
 31311
 -9363
 7995
 -7033
 -28026
 -16967
 12173
 -6226
 25038
 10263
 12723
 -20544
 -21047
 853
 2982
 -11134
 -21749
 11907
 -29203
 -3564
 15276
 -31730
 -5689
 -21802
 -23992
 2379
 640
 -3979
 -3667
 -20487
 4224
 -31174
 28701
 17621
 13146
 4822
 -18683
 19070
 26739
 14177
 -25785
 19689
 -13161
 -8673
 -21810
 -11687
 5762
 29278
 19614
 5310
 24870
 -15346
 21517
 -17098
 5787
 26385
 28952
 -20259
 -21752
 18545
 11271
 -28641
 -30611
 9253
 31098
 921
 -19119
 -7720
 16222
 20319
 11248
 -9302
 -14030
 -14646
 -28548
 -4386
 8147
 4776
 12812
 273
 -9611
 16898
 -25762
 -20524
 -8875
 -23769
 7118
 516
 -26182
 11063
 15918
 -28345
 -11658
 19801
 14345
 -14206
 -30654
 -12943
 6739
 -18988
 -17598
 -3344
 -7011
 13054
 21461
 -28288
 -29688
 27814
 4550
 17896
 -1943
 -5754
 21909
 21228
 -28919
 -19374
 25113
 19459
 -11346
 -18001
 -28855
 24719
 -28756
 -2079
 -7355
 -14880
 14935
 -3421
 7734
 -26820
 32220
 23140
 23056
 23260
 -636
 19835
 -29489
 28043
 30871
 19800
 -20807
 9325
 16044
 12978
 -30922
 19670
 30415
 28533
 69
 -22678
 27409
 -29209
 10363
 -14623
 -309
 23080
 -7105
 -30802
 18769
 32031
 14005
 -30911
 -27817
 -12478
 -18090
 16641
 11579
 -27722
 26526
 30679
 16177
 -26747
 21188
 10005
 -29918
 -12810
 -6597
 8426
 -13900
 -12750
 -28386
 22491
 -9184
 21347
 28767
 22365
 -19928
 16606
 31427
 -14624
 13267
 17871
 16327
 -20778
 25344
 14333
 1621
 3569
 -9215
 11947
 -22966
 20884
 11906
 7647
 -20246
 1552
 30686
 -10433
 25288
 -9444
 -19838
 -8462
 -3385
 -29425
 -9273
 -4422
 -14793
 1362
 17771
 18949
 23509
 -13403
 -1918
 2594
 -18687
 -7126
 -30020
 -11127
 12944
 -9469
 26271
 -28691
 -120
 14871
 -10443
 -20313
 -13842
 -16837
 5167
 6893
 -18320
 -22084
 26179
 -26150
 18323
 -1326
 -10945
 15011
 10825
 6894
 -32119
 12396
 19456
 14138
 -7997
 3273
 31451
 -11556
 23879
 27049
 -21287
 32636
 -11691
 -23127
 10772
 4043
 9675
 -29630
 -23105
 9231
 -8186
 30244
 -21872
 -4818
 -16979
 -22795
 -24075
 -2979
 -8915
 19192
 -26149
 -8750
 -1534
 -26788
 8446
 12091
 22587
 -5959
 -11370
 -5852
 5168
 12365
 30562
 28594
 2510
 -3410
 31370
 26215
 77
 28040
 6778
 1959
 1431
 5758
 533
 3080
 443
 -32005
 30159
 -27083
 -23618
 22330
 28627
 26990
 7673
 6878
 -19671
 20538
 -2137
 16669
 8295
 11163
 24953
 1858
 5670
 24188
 -5224
 12259
 30785
 -1833
 -18940
 28378
 -499
 -31370
 -30962
 -20774
 -18704
 24032
 29130
 26675
 -15840
 8274
 -22239
 26189
 26714
 1563
 7741
 26335
 -15480
 -1745
 -27252
 -12539
 -11248
 6687
 -4472
 8826
 -589
 -7592
 -8508
 -25531
 19676
 459
 -4823
 32571
 11264
 -10144
 -2360
 19026
 22261
 -10780
 -10926
 32042
 -23642
 4427
 17727
 1854
 -26743
 -4947
 -14977
 17985
 3677
 534
 -28872
 -13964
 -16651
 22412
 21407
 25500
 -10616
 20660
 11982
 21897
 -15783
 -27213
 8925
 -27077
 1795
 -20322
 8616
 10992
 -18369
 17465
 24599
 -29451
 -8712
 -6541
 -11196
 -2075
 24369
 29968
 -15498
 21868
 12647
 28792
 -31257
 -22886
 18117
 11989
 -29149
 -5364
 -11284
 -8146
 922
 -21677
 20793
 -28040
 2549
 -28494
 -12439
 -3364
 -30581
 7517
 -30480
 20313
 -11845
 14362
 -27733
 16198
 -14353
 5150
 -31580
 -27694
 -17405
 22920
 11111
 -8286
 6187
 10533
 -19393
 16272
 28873
 30424
 10051
 -30878
 21107
 -16452
 -23882
 3480
 30028
 9651
 -3690
 -5952
 5745
 -22693
 -6183
 -25504
 8368
 -18881
 -17464
 6763
 -15974
 -22738
 26336
 -31240
 22286
 -23367
 19214
 -14380
 -5113
 -22915
 20649
 -25907
 -29587
 -8728
 -16440
 -5173
 7059
 -850
 6208
 11703
 -4512
 24637
 11332
 23822
 2830
 -5092
 19954
 -2663
 -3875
 14587
 -25159
 -3244
 -1310
 -15346
 30945
 16801
 -29727
 -19601
 16838
 -247
 11225
 120
 13186
 -27325
 -26306
 2342
 -21729
 9386
 18993
 9020
 29725
 -32368
 29066
 -5730
 -12316
 32482
 28158
 -15477
 -17069
 965
 23719
 5455
 -17064
 -20795
 -22171
 13249
 -10695
 -3355
 -23005
 26828
 14368
 10941
 8665
 3666
 23239
 14226
 4687
 -5409
 4710
 820
 -27238
 -20949
 -12950
 18939
 13154
 -29894
 8410
 -17912
 9805
 21267
 -10197
 22947
 -32345
 -2865
 21579
 2748
 -29344
 18297
 16072
 15122
 -9511
 31924
 3796
 23863
 -18609
 -8774
 23275
 16589
 -2712
 -22131
 -21077
 30102
 21294
 27389
 12302
 3586
 13844
 10583
 -21138
 -16217
 7708
 -229
 -8331
 -17588
 5223
 10822
 -23725
 -18215
 13989
 15829
 -8089
 19076
 -18665
 -28357
 12529
 -13635
 28480
 8058
 2816
 4342
 3336
 -14161
 -13050
 31751
 2539
 18852
 23264
 5348
 32105
 26554
 -16429
 -5592
 -32625
 3795
 -12457
 -3170
 30133
 6745
 -3222
 12645
 31166
 -25047
 -18567
 -2018
 -21061
 10820
 -1503
 23833
 -21751
 21842
 28896
 -23753
 -20830
 6049
 -3963
 -4226
 -13156
 15617
 -6498
 -31009
 -30473
 5041
 11103
 19321
 -15882
 -27503
 27889
 10536
 15906
 12194
 21886
 6761
 8731
 3577
 7334
 23612
 14544
 27325
 16299
 -29892
 2893
 -1186
 9120
 -6520
 -9456
 -3234
 15324
 1586
 -9822
 22748
 -4314
 15867
 15999
 -4975
 -28998
 14035
 -28983
 -14036
 14480
 26176
 16508
 30788
 -31120
 8394
 13813
 -17825
 623
 892
 -3210
 -15707
 -18390
 -2908
 6784
 -2973
 31549
 -14572
 -32284
 31339
 5127
 11021
 -29195
 19708
 17722
 13055
 -1528
 -19007
 -6241
 -22857
 36
 6704
 16411
 19316
 5645
 -3712
 10400
 8844
 7520
 -28566
 13936
 -14300
 -17960
 -25670
 19892
 -18903
 -18032
 12269
 -2634
 3542
 10188
 2287
 -15071
 -10978
 30426
 -31696
 30648
 -2463
 -8549
 -9879
 -26402
 -31602
 -4490
 -17087
 -10893
 25418
 2885
 -9073
 -27172
 -13885
 16516
 606
 -29527
 15260
 3846
 -17181
 25894
 -16378
 -26093
 -19851
 -15570
 8584
 5500
 19301
 22627
 14781
 -11728
 -1554
 -24131
 10406
 -32478
 -3715
 -20624
 26132
 -330
 -30499
 32256
 -9191
 -25632
 -18385
 -29521
 -24974
 21053
 -7463
 -5049
 3695
 3185
 23582
 -13123
 19581
 27801
 3956
 30022
 31954
 29898
 -22852
 32609
 15628
