 -7309
 13454
 311
 -1249
 7590
 -6685
 6601
 -17284
 -19403
 -20768
 17649
 7647
 19531
 -13406
 -3302
 2332
 7055
 20495
 25985
 7479
 -15606
 22534
 12377
 -19649
 -5351
 17415
 12837
 11963
 -32048
 -3342
 4853
 21845
 -14544
 -24814
 -6021
 2715
 -4838
 -6987
 8299
 18923
 -29636
 -16729
 -15120
 -31657
 -15621
 9042
 -12702
 -18709
 15076
 -14878
 23514
 14552
 -27270
 -21251
 9400
 -17074
 14138
 -10089
 8446
 -2297
 -6910
 -20574
 20442
 20616
 -9003
 23176
 -17455
 17006
 -5754
 23797
 12111
 31846
 -4594
 -1273
 26513
 -12684
 -381
 8422
 20901
 -10224
 -2402
 -25901
 22353
 -26341
 10578
 14937
 12247
 29163
 -11101
 28257
 24738
 -17575
 23265
 -30701
 23280
 -16070
 -28569
 5486
 7624
 18018
 29913
 -16031
 -31072
 18748
 -6172
 10012
 27034
 -11352
 17021
 -3366
 -14666
 -20647
 26542
 -19221
 -10244
 -10885
 -6946
 32704
 13684
 -12827
 -31618
 -382
 4842
 -4445
 22998
 -27060
 3062
 -12282
 -25006
 31183
 -3979
 1239
 26658
 27753
 -6833
 -9160
 9272
 11350
 15958
 21516
 30770
 -29898
 12636
 14405
 -13253
 30792
 -6515
 -28433
 239
 -11936
 -31009
 -7018
 9445
 6638
 -20446
 -18703
 -20031
 -11276
 -19038
 -2150
 4883
 26004
 17205
 19815
 -10300
 -2418
 -27974
 -13131
 -9152
 -3961
 -8859
 5585
 14420
 1935
 1837
 -2052
 16754
 -31717
 15953
 -28541
 -2514
 8742
 30297
 2614
 10617
 -27560
 10445
 799
 26417
 -5705
 21089
 4394
 13947
 -3200
 -20866
 26029
 -20151
 -7515
 4065
 27850
 -9594
 -14705
 7323
 9179
 26951
 17285
 -13828
 -7362
 -1762
 2319
 23904
 -1016
 -922
 6630
 -13886
 -2685
 -24371
 16289
 -19669
 29702
 -1301
 -14080
 -22340
 -18088
 -8304
 -19306
 26109
 27943
 26337
 -24761
 2455
 8834
 17089
 -14228
 18744
 5757
 -22603
 -18177
 -241
 1610
 17840
 -12240
 -2422
 -9532
 -1300
 14753
 -3298
 22556
 499
 7815
 -5369
 -4411
 -15952
 -475
 15594
 -468
 25613
 24801
 -9330
 -10441
 3386
 4758
 -25983
 -4897
 -7116
 -25491
 5107
 -25600
 27128
 -3883
 15671
 -19162
 -32438
 -2017
 -25005
 -19996
 16565
 9052
 5849
 -1769
 -28603
 -21051
 19803
 4881
 31821
 -83
 -22063
 -4393
 29606
 23079
 -9793
 21482
 11016
 9085
 3895
 -10426
 7220
 -28503
 30700
 -26721
 6809
 -16529
 -6926
 2541
 8806
 14942
 -25860
 11559
 163
 -4505
 -18237
 32353
 -26834
 24156
 559
 -5277
 -27049
 10796
 16195
 -8991
 -6108
 5371
 16179
 -19302
 -10457
 24473
 -27812
 -10660
 28685
 -8049
 -7709
 12512
 -10358
 20802
 14578
 16397
 11786
 19966
 -1270
 12938
 25153
 -20870
 -5219
 -148
 3761
 -4176
 -24310
 4325
 656
 -7537
 30742
 15824
 8675
 -14162
 31154
 18022
 -23170
 4508
 10747
 -6583
 12206
 19560
 14898
 16378
 -907
 12605
 1627
 312
 -11075
 12545
 -10198
 -26161
 -13728
 -30783
 28311
 -27717
 -24811
 4743
 3929
 -11206
 -20244
 -17295
 3662
 -7680
 14169
 17004
 -11720
 1771
 19491
 22509
 24715
 -11394
 27807
 10583
 -24533
 28918
 -30306
 -15591
 -27488
 18
 13679
 6854
 17077
 7106
 27353
 -1959
 11670
 27414
 -7909
 22475
 -13181
 -8320
 -1515
 6870
 -25982
 -2534
 -6847
 -13139
 -20862
 -3245
 16105
 19345
 1028
 -2867
 24513
 2691
 18911
 -32639
 12286
 2807
 29348
 -10062
 -6941
 31661
 -1574
 -15312
 29111
 -25612
 -5399
 -16912
 6506
 -2452
 -31235
 9690
 3889
 759
 11011
 -6975
 -22450
 6076
 -22668
 1172
 -20378
 -27879
 -14933
 -3852
 12637
 -4121
 4500
 -21758
 11186
 27794
 12615
 21615
 11365
 -31812
 16457
 17775
 6480
 -3988
 -3072
 21528
 23607
 -21403
 -31603
 7089
 -12243
 -14365
 9508
 13071
 -17242
 -6766
 18950
 -23841
 -19053
 10452
 5090
 -3094
 -1920
 -17699
 -7157
 9099
 -348
 21846
 8035
 6155
 19925
 14587
 -7760
 -25630
 16129
 28273
 16315
 30221
 18523
 32384
 -3168
 5714
 -13914
 -798
 10752
 20528
 -10920
 -30518
 -26417
 -2514
 27280
 -6129
 -14877
 24373
 16277
 -892
 -26925
 2998
 11038
 -12832
 -7562
 -26022
 -22501
 4196
 16956
 -5260
 -10730
 -29600
 -2577
 24412
 -7680
 -12627
 -21634
 -19211
 4878
 -10951
 -8149
 -14197
 26044
 -27679
 18860
 -15805
 4643
 -1500
 -30628
 -32554
 -4295
 19341
 -24115
 9816
 14451
 -29556
 27901
 10167
 23560
 25814
 -23611
 5250
 -23187
 15960
 1378
 1269
 -14937
 -19787
 6992
 15490
 21040
 15306
 4301
 19925
 5590
 8987
 5865
 -5638
 25112
 -12998
 -6192
 -26807
 25140
 29042
 28179
 16533
 -5529
 10213
 -14470
 32432
 -24424
 7153
 32729
 -1136
 -4752
 507
 15463
 -1921
 -5808
 -18699
 22719
 17541
 -31672
 -25788
 26100
 22705
 31496
 14832
 22993
 8880
 -1000
 31507
 -2806
 -10529
 -19164
 22157
 -8163
 -2859
 12249
 12326
 -19653
 -3168
 5282
 29341
 18108
 -17904
 -4897
 31572
 -22987
 -14469
 -2017
 18735
 26676
 -584
 17682
 17797
 -26843
 -23441
 -30542
 3679
 13106
 -29473
 5247
 -16059
 -16605
 6417
 26426
 -27901
 -29634
 8766
 -15928
 9651
 8105
 6605
 3148
 8193
 -4653
 -27052
 32722
 7882
 -214
 4868
 18777
 22214
 31714
 29790
 863
 12472
 24972
 502
 -5840
 8238
 2638
 -11978
 -17659
 -12726
 19553
 -8783
 2195
 7957
 -21112
 -5066
 2561
 6759
 29380
 23458
 27947
 23087
 31240
 -22398
 -15647
 -4863
 23384
 -21640
 -10411
 -4025
 -30086
 26040
 26734
 12943
 -14252
 26566
 231
 5046
 22296
 29689
 26280
 -26567
 -24565
 -24333
 -29038
 27491
 24153
 10551
 30231
 -27307
 -24075
 -9505
 -5925
 6896
 -19017
 -3254
 -2021
 -1202
 22754
 -12236
 4123
 32505
 23014
 -26399
 -25426
 1290
 -28159
 -32052
 26005
 28865
 2854
 15815
 -5092
 -1436
 23527
 -176
 757
 27412
 1582
 21443
 -7110
 -21498
 6054
 -6549
 -6726
 6531
 -29272
 -8896
 14335
 8498
 -22650
 -18193
 6097
 9998
 -4344
 9252
 23965
 32509
 -7375
 -11256
 -32007
 3642
 -4790
 10191
 -24897
 5345
 4676
 -1984
 5074
 -9420
 5622
 3314
 -5367
 -28982
 -25931
 -10222
 -11295
 5788
 16257
 7705
 17957
 -10154
 13621
 -14869
 1386
 -5080
 7115
 16270
 -32437
 15705
 -12908
 -10681
 21959
 -13651
 -7678
 -22653
 -27098
 -5340
 -28130
 13319
 24693
 -18139
 -9957
 9198
 -7797
 -25328
 -20651
 8139
