 28815
 24384
 -3289
 -29175
 -6565
 -17747
 21267
 -28504
 20233
 16094
 768
 -21490
 7844
 -15737
 21538
 25757
 13203
 -17209
 -17258
 -15482
 19669
 -4892
 25079
 -15776
 21748
 -21014
 8602
 -15074
 13720
 -14217
 10974
 2478
 -14164
 -23630
 -32561
 31
 15228
 4988
 -7667
 -19773
 15299
 -16195
 -1526
 -737
 -1613
 -11250
 -11576
 -4060
 15576
 9587
 8288
 15234
 26397
 -29083
 -23154
 31828
 25531
 -26428
 7238
 -3303
 16241
 9855
 9164
 17330
 -16635
 12924
 23313
 19415
 -15928
 -28043
 -10334
 -9312
 25958
 22977
 16711
 -26180
 -27874
 20430
 -8062
 4793
 6281
 -16109
 24595
 -10541
 -30227
 -11580
 -6046
 -1456
 32609
 -32639
 7310
 -5164
 23979
 -25887
 23222
 -20296
 20890
 3139
 6865
 -8306
 5583
 -23142
 1630
 18544
 12683
 -30012
 7158
 -10843
 26219
 -7616
 -23808
 -13853
 -6954
 6983
 -19601
 -7794
 -19200
 -29399
 7541
 -28902
 4343
 19502
 17895
 -19712
 -2663
 7964
 -8100
 5122
 -4925
 -29157
 28020
 -31926
 18220
 -15988
 11065
 -13684
 11800
 29348
 -1728
 27354
 4907
 -11438
 -2075
 -8991
 9621
 3167
 -16681
 -26330
 25755
 -18603
 -31515
 -11951
 15294
 21054
 7699
 6248
 -922
 9727
 -3480
 -21058
 16556
 -718
 23664
 28161
 -1552
 29499
 29666
 15192
 25971
 -4933
 3852
 714
 -3280
 22650
 -9468
 -1243
 -27017
 -14996
 -11349
 6132
 16548
 28832
 -28993
 2042
 -13881
 -2822
 2826
 -11904
 -29752
 31431
 3897
 -9476
 -9425
 13421
 -778
 -1684
 -30795
 15884
 -27182
 3246
 -10439
 5876
 28976
 -18396
 -20933
 21788
 28739
 -18820
 12678
 -17206
 5790
 -15321
 -10851
 -23985
 30012
 -977
 12082
 8186
 -10031
 -23466
 -32303
 -22225
 -9083
 27919
 -17186
 -13729
 29549
 -22979
 18838
 5603
 -31733
 870
 11302
 2743
 15208
 -12969
 11163
 32147
 -2576
 -2496
 22180
 -4628
 19070
 -24873
 18310
 -13909
 17093
 -20164
 534
 23821
 15504
 -15418
 -221
 11166
 14823
 23718
 -28754
 -29720
 19419
 -3520
 -5002
 -8946
 11422
 -12239
 31007
 -22956
 26622
 -3153
 -15284
 7678
 14601
 13152
 29801
 -7839
 26247
 -12709
 -2209
 14442
 13631
 -9677
 9074
 10669
 31467
 22108
 -7885
 -19224
 -18855
 -16175
 -28666
 -25207
 12853
 11259
 -3382
 20140
 18914
 27233
 23890
 31770
 -1943
 -4298
 -1205
 -28439
 28545
 30139
 12316
 -16361
 20214
 -21633
 9854
 4688
 5084
 -32018
 7955
 -30296
 25887
 -2828
 16656
 21283
 -26843
 27314
 -27535
 16249
 31977
 -11788
 -2399
 29216
 -23652
 -5438
 -13347
 -4590
 -8382
 30172
 15392
 4018
 124
 24635
 -9343
 19062
 8122
 24603
 -12290
 3860
 -13884
 -17673
 -17901
 -8366
 -12362
 -21852
 11390
 -16486
 -12875
 23947
 27878
 -9509
 16830
 -8646
 -27514
 32534
 4923
 -15294
 -537
 -10719
 17913
 -25192
 7546
 -26821
 17416
 -14132
 17538
 -2269
 -15159
 -29060
 27902
 -2412
 -1149
 -11326
 -5324
 -6829
 -3553
 7107
 12576
 -13170
 5150
 -32678
 -15270
 17163
 16319
 10155
 12926
 -7653
 -4293
 -2310
 8040
 -7546
 779
 -11159
 31905
 -17802
 31665
 -28921
 1061
 -3570
 8660
 -23085
 6750
 -5924
 -7520
 2739
 2349
 31012
 -9338
 3459
 -6045
 5222
 -20399
 3474
 -20801
 3929
 2874
 -13336
 15100
 25716
 -13528
 3889
 -10352
 -12727
 -24302
 2974
 17110
 -1446
 -2815
 30481
 -26784
 16406
 2924
 -340
 -8840
 19123
 -28276
 -32328
 -19082
 -6440
 -25112
 -3285
 -16380
 4930
 15224
 -17108
 6802
 13805
 -10999
 3186
 14001
 13036
 55
 4534
 9673
 -18354
 31080
 -15267
 20652
 21505
 21288
 12776
 -271
 -4808
 -21122
 -169
 -21251
 29139
 -25202
 1295
 -3798
 -8992
 -9307
 10269
 -5952
 -7406
 -9987
 -25708
 -17096
 13738
 30495
 11524
 22735
 -11880
 13969
 -25154
 -13836
 -18472
 15360
 -10413
 28544
 -27233
 28960
 32225
 -18214
 3741
 -30687
 1591
 -30351
 3460
 -26080
 4571
 -5480
 -2707
 31508
 -31016
 -9791
 12131
 359
 4381
 -11420
 -640
 8076
 24493
 -3760
 31955
 -10104
 -1417
 -11617
 5985
 -5284
 -2974
 16476
 28122
 -2638
 -20231
 -1837
 28711
 -23551
 -5635
 -19370
 25297
 -32365
 30803
 -21449
 14778
 28560
 2489
 28476
 19939
 734
 13513
 -13637
 20162
 16389
 10971
 -16579
 -20193
 9202
 31956
 -21819
 -14647
 32535
 14523
 15719
 -31174
 -27099
 -6292
 21908
 6299
 437
 26927
 -25296
 14955
 -21634
 -22517
 -10119
 -3218
 23580
 23050
 9199
 15364
 -8718
 6672
 24411
 -8933
 31347
 -11377
 -19712
 -9421
 -18206
 14180
 -27499
 -26971
 -4312
 -31345
 -31610
 8944
 15065
 -25610
 13972
 -19423
 -3054
 -27893
 -16955
 3194
 -24397
 -16636
 -26565
 14429
 -16681
 6761
 -32335
 -9129
 -13858
 3686
 3559
 4038
 31625
 27458
 28967
 -19842
 -5625
 284
 -27807
 12313
 17859
 -20284
 -29914
 16231
 -7432
 -5630
 28099
 20970
 23962
 12753
 -25334
 -25008
 -21773
 32114
 21539
 -22974
 -1182
 15469
 -14647
 5051
 -7657
 551
 11372
 23174
 32597
 -15186
 -4261
 -4903
 -7895
 12120
 -3800
 15473
 -17414
 14345
 -4786
 13081
 -29539
 26838
 3958
 25199
 16570
 4941
 -11949
 -14299
 -27075
 16107
 -3186
 10189
 2621
 -31905
 4700
 -12045
 11889
 12547
 5424
 4146
 -30504
 21786
 -29204
 -31846
 18676
 -11880
 14767
 29720
 -18964
 3402
 -26183
 -12962
 -23140
 20491
 -10154
 4900
 -8081
 -5816
 17796
 20673
 8981
 -27300
 17579
 -26279
 1794
 -316
 -24543
 -3319
 -19068
 -6916
 -2828
 -24853
 -9818
 5859
 -6957
 -5107
 -18408
 9553
 -25235
 19225
 -767
 -2622
 -13432
 31840
 5428
 -22893
 -13645
 5232
 14508
 -11167
 17684
 -8217
 23182
 -25805
 -2681
 -12643
 -18118
 24982
 -26146
 -10422
 24705
 -25095
 -28664
 -24748
 -19234
 -21944
 1964
 26898
 -27322
 -29043
 -15985
 -5282
 9255
 -3777
 -22079
 -23237
 -11047
 -24825
 27005
 10719
 -21459
 8278
 16771
 5427
 32241
 24845
 -11945
 -15705
 -19232
 -17482
 1864
 30604
 13568
 -19958
 -19631
 9735
 3082
 -5718
 31383
 32206
 -19923
 -18011
 -23629
 8516
 -9412
 283
 -15759
 3279
 -32747
 3560
 -11741
 22071
 -26076
 -26777
 2984
 -1312
 -25523
 -14216
 -13232
 -15209
 26937
 24976
 -6175
 21931
 24801
 -20151
 16868
 13525
 22572
 20625
 -16689
 -29500
 14183
 -11577
 -17193
 32284
 15349
 4236
 1
 10750
 1618
 19012
