 6815
 9300
 20772
 -7974
 3698
 30486
 21884
 -2919
 -1609
 5030
 -26130
 18407
 16153
 21732
 25448
 15537
 -13577
 -13683
 -7091
 12229
 11398
 9721
 31239
 -9171
 -21669
 2246
 -9398
 21765
 1123
 -14059
 13946
 14223
 9877
 -11318
 -29819
 -9963
 27963
 -15804
 23384
 18223
 12012
 -27681
 -24483
 -15734
 1523
 -20824
 -13767
 13667
 -32018
 5922
 10859
 16625
 -12507
 24648
 171
 -6800
 -16644
 1332
 6429
 14813
 -11271
 -30568
 -32508
 -12396
 -21996
 -10557
 22462
 -15134
 -28375
 5770
 -9537
 -30024
 7146
 27578
 -2240
 -7139
 1396
 7610
 -4747
 4291
 7039
 4703
 -6578
 29787
 -11886
 -26603
 24056
 32277
 -18361
 6782
 -1699
 -6
 6246
 22300
 6237
 -32184
 -12610
 -9738
 6093
 30487
 4805
 10385
 25273
 30591
 14164
 -1571
 13847
 -13455
 -32650
 25211
 -9962
 -1051
 2542
 -9426
 -27277
 19617
 14273
 25105
 17933
 20441
 -19328
 11182
 5236
 -10588
 -3110
 3885
 12580
 -1189
 -1319
 -27573
 -19450
 25624
 3370
 16576
 1532
 -7810
 -15676
 -28600
 11922
 -19370
 15516
 -1785
 -19741
 -13172
 -18978
 9235
 23072
 19134
 30268
 17447
 21215
 -30457
 24955
 12750
 6372
 -32739
 -21599
 -5287
 -7814
 24975
 -19785
 18675
 -18056
 -14777
 -12488
 -8346
 4322
 -22558
 20419
 13909
 28217
 -1766
 -20351
 22060
 -7312
 -1077
 -13335
 22164
 -11690
 5372
 -21715
 -18561
 -20295
 18490
 20271
 -28420
 -20212
 -12283
 -28095
 -19083
 -29358
 -18974
 18525
 -2919
 29477
 5272
 13387
 -785
 -15015
 4525
 -26778
 -12973
 16616
 2006
 -17128
 31252
 17622
 -25734
 -27804
 2162
 4567
 16844
 -4324
 -5761
 -10474
 -2034
 6218
 26429
 29764
 11536
 26891
 25402
 30354
 30039
 25407
 -20270
 -21665
 32706
 30461
 -16371
 1229
 -13572
 4122
 29121
 29993
 9183
 6217
 1028
 2768
 9111
 -11170
 -2163
 -19215
 17120
 -23516
 -7822
 -8263
 -13115
 985
 -4935
 -18842
 -13360
 -17424
 15728
 -6834
 4993
 31925
 -292
 32263
 8538
 -12613
 25092
 10146
 -11941
 550
 30653
 25322
 9343
 13674
 11574
 -13428
 -16416
 25966
 5564
 -983
 10875
 -20067
 -14785
 3879
 -820
 -8201
 -2323
 11149
 -2913
 -4933
 -15980
 6262
 -19278
 -19690
 6439
 15572
 -11398
 4110
 -20364
 16177
 21842
 29857
 -14668
 -6176
 13264
 19430
 31753
 7608
 -26207
 15962
 -1131
 3151
 -25132
 -25112
 -6362
 17905
 -24456
 -5088
 -4261
 -6968
 -29347
 30390
 -23617
 26930
 -9305
 6084
 2967
 -28618
 4009
 14189
 4660
 23770
 -31773
 29992
 -22219
 3367
 -9250
 -17138
 -3581
 -7106
 2591
 4599
 -10840
 -8523
 9003
 -24740
 -14037
 -19203
 31140
 -4118
 -26915
 -610
 16026
 32437
 14471
 15601
 -20140
 -9101
 -21851
 407
 1991
 -9334
 6220
 -9613
 5581
 21252
 -16995
 5758
 -6545
 -14454
 -16483
 -12915
 -659
 1622
 21367
 18731
 708
 19151
 -31087
 26302
 -5231
 -23309
 -6368
 -10509
 -439
 15289
 -5644
 20375
 13068
 -23848
 13030
 -4196
 -23763
 3544
 -7290
 -499
 -286
 7738
 24106
 -25731
 -12875
 -8229
 7574
 11855
 -1843
 12433
 -16810
 -28405
 30794
 1657
 26709
 -25977
 -10188
 31059
 14632
 -1100
 12649
 18050
 26139
 -2070
 11090
 -4799
 -23836
 21834
 -7326
 3077
 3003
 -5363
 -30867
 8226
 16629
 -26025
 -24336
 -3765
 14329
 8334
 -20940
 16556
 12203
 -15156
 8133
 24013
 -9734
 11366
 -8583
 -21537
 -606
 9093
 -5319
 -31079
 2370
 -5777
 -23437
 -24281
 -171
 -6931
 -25472
 -16049
 -17223
 13386
 4528
 12003
 12290
 20713
 -24986
 16208
 -3148
 -12486
 -22490
 -25614
 -24970
 -1013
 27814
 24945
 -13928
 -30970
 1661
 -1035
 -1554
 31289
 20777
 -9911
 -959
 -25274
 -8277
 -21266
 -17140
 28447
 9025
 21989
 2813
 -7653
 -5317
 6748
 -10076
 -11500
 19788
 609
 13441
 15776
 -16750
 -18654
 -20382
 22715
 -15729
 7174
 25063
 20468
 -13444
 2066
 8024
 11881
 10162
 18367
 -31999
 -16289
 9410
 6258
 -24195
 22939
 -4856
 -18030
 -20915
 2157
 -11298
 -5953
 9525
 816
 23274
 3027
 30168
 -32044
 -3160
 4783
 -18858
 13904
 32161
 8688
 -11584
 4531
 4050
 -15506
 -30063
 14687
 -3226
 -3125
 7719
 -8719
 -13955
 4622
 -2229
 -7956
 25774
 28771
 -28248
 -23858
 -2000
 10637
 -16615
 -6816
 -15941
 -17527
 -4373
 18137
 26358
 15387
 -13487
 22004
 5449
 -17836
 26268
 -28213
 12078
 -10980
 5709
 4687
 17931
 -6271
 2348
 21308
 23228
 13692
 -9409
 8841
 -20353
 -4251
 -26630
 13148
 23738
 -21278
 29592
 -7669
 7330
 -29235
 16998
 -25896
 -26727
 4809
 -12996
 3021
 -17588
 29699
 -29892
 17013
 -1838
 19783
 -21245
 -8542
 -18172
 -27418
 219
 7714
 23116
 21597
 14572
 -18143
 -25838
 -1312
 -7976
 21864
 2994
 1976
 -12926
 -526
 27324
 -27342
 -16447
 26305
 -11007
 8384
 5538
 -3023
 1214
 29655
 25928
 2483
 8640
 -31093
 -28491
 23135
 498
 -6349
 1839
 558
 30188
 -171
 -29348
 17688
 -1307
 -13859
 -15908
 7695
 27402
 -30114
 12583
 32405
 21426
 -21527
 23351
 30360
 -14300
 -14811
 -17298
 -16835
 -27107
 3677
 17826
 5814
 14473
 1177
 -9708
 -21359
 20978
 -10940
 4714
 11068
 5687
 14044
 -29985
 -726
 -21876
 9707
 30581
 -21837
 11026
 -12933
 19066
 25159
 -1996
 19654
 -3750
 -1313
 23966
 -5413
 -28637
 27456
 -20561
 2384
 32451
 24429
 14022
 23453
 -3620
 366
 -26464
 7396
 -1803
 3675
 -16563
 16553
 -18510
 3276
 -30662
 -13529
 7787
 -20013
 20804
 22017
 -13960
 -4165
 -5087
 -31129
 -11314
 28486
 -11540
 -19867
 -6919
 -27817
 -18287
 829
 -23000
 24244
 -28485
 -31361
 991
 -3922
 -20302
 -3591
 -18135
 1898
 -12582
 -11965
 9333
 -9938
 -22169
 27292
 25014
 18908
 16279
 -5041
 214
 -19952
 7104
 -4951
 26002
 -25900
 12047
 -611
 -29108
 -14042
 18404
 5452
 -17666
 -19976
 32507
 -5032
 5640
 -28502
 30201
 30273
 15685
 -70
 5271
 16243
 14605
 2158
 12359
 -8835
 24953
 15481
 11718
 -32678
 -31056
 2733
 20915
 -4708
 15136
 -32674
 17585
 30995
 14881
 -31816
 -20173
 -26841
 7518
 528
 -11065
 11452
 162
 -12818
 23028
 29098
 -17722
 -30019
 -19189
 8206
 -13438
 -25612
 -10655
 27985
 15009
 26117
 11249
 31418
 -14622
 -31014
 3897
 -20403
 -20377
 20104
 -1037
