 -18293
 7073
 -17343
 -4334
 28206
 30840
 -13097
 25685
 -4922
 -10557
 -1550
 -1449
 -29633
 1454
 -5405
 -15454
 -6103
 -9185
 -16365
 -17604
 9411
 14550
 -25051
 10712
 22839
 20775
 32392
 3392
 6126
 2941
 -14735
 13662
 15978
 -21033
 14093
 -2346
 -12262
 -26964
 -12944
 -17753
 -18113
 20968
 6274
 18969
 2912
 -5579
 -18865
 -23071
 687
 12860
 -30503
 -6742
 17227
 15496
 -23475
 12162
 -31066
 23522
 13621
 13105
 -30952
 -3975
 -32189
 19944
 -5969
 22586
 7124
 -3859
 20010
 13072
 24364
 -27443
 -17068
 26378
 10586
 6083
 13116
 -13783
 -27676
 32372
 28932
 6694
 -13049
 -211
 -12230
 3306
 31372
 -26982
 -13864
 -5184
 -26170
 25361
 19310
 -9586
 -10813
 -536
 16514
 -22685
 15120
 -20193
 15519
 6369
 -17482
 5661
 2016
 -30572
 16002
 -131
 11324
 6832
 -6941
 32566
 28355
 7196
 7881
 7318
 13391
 -22450
 13452
 2036
 -6597
 -18330
 9877
 -2113
 -19353
 -14005
 -914
 8312
 11289
 19544
 -6783
 5640
 17176
 -21051
 -24674
 -2589
 -21804
 -29175
 -931
 10076
 21108
 -8313
 17014
 -6395
 31306
 -3656
 24350
 21877
 316
 -15655
 -5132
 29553
 -22892
 -10210
 -30112
 20747
 31114
 -10668
 22697
 -17903
 27584
 -11387
 11965
 -7762
 20247
 -16038
 21125
 -24670
 15555
 31292
 -17779
 20428
 -29972
 5119
 12189
 31507
 7624
 25723
 21736
 -13859
 -8302
 8927
 7722
 124
 -8221
 18154
 9129
 -91
 -2102
 -18565
 20692
 -5556
 -12335
 23308
 29571
 -16081
 2997
 -18135
 -3535
 -20496
 -26652
 32277
 -16460
 19981
 6481
 24493
 -13599
 31212
 -1645
 -23581
 -18776
 -20031
 13949
 -10107
 -1744
 17998
 -1295
 32436
 -9981
 11479
 22396
 28957
 -4916
 16022
 -78
 -15870
 -20207
 9493
 27441
 31900
 -3986
 -32539
 30580
 21553
 -512
 14819
 -15738
 5575
 -16499
 23698
 15535
 30780
 -23400
 20567
 -7876
 3812
 -26883
 -1710
 5042
 27407
 -21831
 3176
 22825
 32160
 -31119
 -16436
 28519
 19387
 8941
 24771
 25890
 4100
 -24727
 1676
 -16393
 -8775
 11567
 9600
 21095
 -10320
 27640
 -20176
 654
 -13683
 11894
 -12779
 5478
 -3963
 25262
 21
 2388
 18793
 31892
 3916
 21142
 9339
 -7097
 -11083
 -17347
 -1674
 17906
 -13424
 -32113
 21610
 27202
 6682
 8600
 4422
 -2991
 28872
 27858
 -12345
 -15796
 -4551
 -16999
 -9070
 -7207
 13025
 4123
 314
 29665
 -20987
 30156
 -3196
 29824
 -3975
 8487
 4659
 -3126
 20738
 -3517
 -1672
 15386
 6011
 10908
 -9168
 -11331
 -23234
 -28492
 6738
 -31805
 -30155
 25885
 6074
 16482
 9522
 11992
 -32622
 13387
 -9175
 6895
 -25946
 -11775
 -3491
 -23727
 -28490
 12546
 852
 3735
 -10645
 124
 7490
 23898
 -12382
 -20003
 -18197
 -28043
 10618
 23226
 12671
 -16530
 5061
 -32231
 25355
 -1522
 -18303
 -5160
 -12217
 14864
 -5943
 2475
 -495
 -18568
 -9695
 -28334
 -8256
 4718
 25616
 -4090
 -5767
 15136
 -6613
 3656
 22705
 -5745
 -22948
 29346
 -20135
 -11990
 -19206
 -17421
 -19455
 -3271
 -15919
 -4741
 -13379
 -15756
 7824
 21991
 21592
 24959
 9498
 -22125
 8291
 -3309
 -10927
 -6725
 27407
 -20928
 -11019
 29305
 23739
 -21135
 32235
 22114
 17259
 26757
 -26244
 -31238
 -12253
 21784
 11012
 7863
 2714
 9140
 7113
 -812
 809
 -1786
 -15438
 -17810
 6079
 14988
 11667
 -25315
 -28517
 -27163
 -26507
 24212
 -26834
 -9714
 -17603
 8903
 -32586
 -20346
 -8775
 16288
 18246
 6211
 -15493
 -741
 20394
 22630
 -6277
 -5268
 -8628
 -27869
 25652
 7110
 23746
 -8281
 -9513
 -18085
 -30068
 -9634
 -1361
 -30435
 -5965
 26714
 -4475
 5579
 4343
 -5203
 11845
 24348
 30647
 -21240
 -2343
 15556
 -13619
 8852
 19936
 25464
 23911
 6562
 17970
 -5886
 16887
 -2662
 23191
 -13674
 5200
 28577
 29688
 -2074
 -9610
 -1831
 -10128
 543
 -6770
 8675
 18617
 4768
 -796
 21910
 -18304
 -15243
 5075
 -1641
 13790
 -11667
 -17708
 17690
 5934
 -17705
 19618
 9383
 12186
 17686
 -6334
 -19686
 -20764
 -7502
 11849
 29371
 28841
 24039
 -9183
 -9528
 20631
 -3764
 14811
 26887
 -5196
 5012
 -30813
 -24733
 -2273
 1228
 -30629
 9525
 -21829
 26199
 -17171
 371
 31040
 -15043
 18057
 -3035
 -26528
 30872
 -15614
 7881
 -25951
 -20775
 17606
 -30991
 -513
 23175
 -19174
 760
 16685
 16591
 -11148
 28706
 12917
 -29400
 -22326
 -30271
 12399
 10991
 -30351
 30301
 -6563
 -4372
 -11820
 -9147
 3238
 11835
 -24452
 6887
 -15121
 -8605
 -29765
 661
 1866
 -14062
 12438
 -27202
 17970
 -24032
 -22938
 4404
 -2319
 -20410
 -30529
 8464
 -206
 13129
 -5711
 -20313
 -32570
 -32585
 -11541
 -4219
 -7320
 11393
 -27307
 -28107
 -30433
 -13205
 -22111
 14347
 -3072
 -20429
 -18299
 -20549
 -3337
 4059
 -24497
 -16246
 -13468
 -496
 -21035
 26784
 -15052
 -3487
 -11949
 -236
 12571
 -9752
 1081
 -30098
 4522
 6820
 -1098
 -2204
 -4273
 4877
 17405
 3033
 -9902
 -31771
 22722
 -2434
 30821
 -6962
 25450
 18504
 5271
 -23804
 23983
 9464
 17604
 -12233
 16305
 -22802
 24906
 -9985
 13268
 9856
 -24662
 -7784
 11285
 7859
 8614
 -3759
 -7388
 2822
 31271
 -26678
 -1485
 -20309
 -23672
 17262
 23504
 20019
 -14354
 -9319
 13167
 -13426
 -1701
 25164
 7386
 -1738
 -12865
 -22312
 10246
 -16171
 -31089
 -19086
 -11656
 4046
 -30254
 -5242
 1199
 10062
 7745
 -8403
 31
 -18737
 -15402
 21818
 -24879
 14328
 -15815
 25134
 -7613
 14912
 5523
 -18351
 -21874
 -14260
 8332
 15453
 21918
 -29980
 3561
 -6494
 4460
 -15994
 -16254
 -14799
 26399
 -24977
 -9574
 21623
 -17609
 14412
 -26710
 -525
 -7785
 21507
 -5038
 -18805
 13314
 5023
 1886
 -59
 8837
 -29359
 26438
 -4012
 -29671
 5514
 9075
 12976
 -17440
 -30967
 -14608
 -4988
 18896
 2299
 13056
 6425
 -14893
 -13509
 11266
 -4688
 -28970
 28375
 28277
 79
 8024
 25351
 2618
 11620
 22909
 7044
 6577
 -13935
 -30216
 24150
 1997
 -14868
 18742
 3471
 14203
 -7659
 3534
 15013
 -14407
 6232
 31719
 19187
 6555
 -17879
 -22348
 21404
 -26427
 -27709
 -3533
 -10904
 -5108
 -11207
 9413
 16035
 -5879
 5731
 -7163
 -4970
 29736
 -19372
 7960
 -10689
 13667
 21638
 -17328
 -7859
 2179
 14119
 13351
 1873
 -7612
 18043
 3064
