 17803
 10784
 -1651
 -29022
 16320
 -22621
 -6268
 -12255
 1494
 -27346
 -12413
 -6527
 2428
 4543
 26475
 3925
 17399
 3317
 -6844
 -30041
 127
 -25844
 10822
 -11966
 -25944
 -30128
 30601
 -10655
 -19545
 -9640
 -701
 26980
 28024
 23000
 26769
 -25055
 -19128
 1218
 19605
 -9771
 -7944
 16074
 17822
 -28769
 -18586
 10964
 19415
 11333
 -3058
 17099
 32592
 18979
 -31875
 16226
 20435
 21558
 -6763
 9674
 -19577
 -17465
 -14204
 -24153
 -3582
 -15569
 6583
 5567
 -11485
 -519
 -9108
 23741
 16810
 5267
 11850
 -31049
 13178
 19431
 -4110
 5795
 -9388
 -3403
 -31563
 4637
 17538
 -14761
 -10858
 350
 11310
 14031
 -10361
 6435
 -27721
 29678
 23567
 -12382
 17452
 -24303
 15283
 -17977
 23607
 7068
 -24003
 -3904
 -587
 398
 15522
 6111
 28026
 -6330
 -219
 28803
 26053
 3051
 16482
 -9775
 372
 -27129
 -20310
 -3750
 -25091
 -14820
 29773
 -28307
 17947
 2453
 -4666
 -1638
 3094
 -7128
 14893
 -24293
 -11881
 22633
 -23161
 -13115
 -304
 -6124
 11741
 -31390
 16135
 -11882
 -11728
 3735
 -27267
 -25614
 -3077
 -15022
 -5317
 1602
 -5944
 -29365
 -8429
 13855
 12802
 4553
 -32349
 -28970
 -18601
 8502
 -26092
 -5405
 -17639
 -17264
 16500
 -6369
 -5945
 -11972
 31541
 -9616
 -24636
 -4444
 15852
 -24890
 -16910
 -10652
 30616
 2142
 32151
 -9858
 -29010
 13727
 19578
 19383
 9986
 10756
 29664
 -27845
 19743
 -27713
 -10396
 -1440
 -31626
 -4749
 9526
 -26471
 14113
 -24894
 -25239
 6467
 1849
 -6389
 -23658
 -8926
 -11165
 -7192
 -32408
 -18200
 14211
 -12612
 21270
 -23418
 -29755
 -19310
 20422
 9383
 -29667
 5871
 -18223
 -11187
 4900
 -23878
 -22848
 7952
 -5
 6267
 -4055
 -32513
 -18853
 12555
 -12480
 15893
 21614
 -12539
 -12178
 -30637
 9713
 27507
 10829
 -9316
 24106
 -8322
 31
 10102
 7086
 22834
 14176
 -6115
 -1803
 -19101
 27885
 23836
 4538
 -14173
 6832
 -6866
 -21694
 -5581
 -31519
 32229
 27533
 -1234
 -16936
 -22669
 5497
 -25933
 -11383
 136
 -10535
 16140
 -9546
 -20236
 -2535
 17440
 22747
 -14229
 -8593
 -16247
 -667
 9489
 27564
 -13670
 -24167
 -11283
 7564
 17890
 24141
 -32482
 -30802
 -5845
 4655
 20134
 -160
 -11523
 -3465
 -254
 -31819
 15078
 22512
 855
 21692
 21156
 -889
 7280
 -1682
 16080
 -22053
 -24833
 29382
 23482
 -6132
 25498
 1292
 10559
 21075
 1279
 -25662
 -18143
 26435
 -19629
 13281
 -5049
 -32213
 15022
 4426
 15438
 23909
 -15915
 26889
 -6024
 -19732
 12868
 11305
 23880
 -26591
 8047
 -23934
 -4155
 10948
 -11608
 -10826
 -14180
 6429
 -12353
 5164
 -15634
 20547
 -18190
 7928
 9364
 44
 13766
 -4392
 6208
 -27500
 28399
 -9447
 13611
 -6091
 -5464
 -4628
 -17889
 15410
 -10417
 4150
 21478
 5958
 5830
 -11085
 -16505
 31863
 21645
 -12359
 6244
 -7437
 -3051
 -19347
 -671
 12436
 -19085
 -4013
 294
 2924
 -1742
 -21742
 13528
 16032
 -4967
 -11567
 -23270
 -3030
 11021
 -17162
 14756
 18464
 -6041
 -12437
 -19669
 -3000
 -4417
 -16710
 -817
 3395
 -19341
 30656
 25701
 7174
 -16820
 -5799
 7073
 6824
 -4584
 7943
 -24727
 2754
 -29052
 10521
 -13534
 19437
 30819
 17403
 23840
 -12754
 -24527
 -12382
 -9313
 -1197
 21723
 11480
 25810
 14677
 7467
 4436
 -25599
 4468
 -7721
 12410
 12899
 26952
 -21686
 22447
 14163
 3612
 -32700
 32154
 8526
 24338
 31833
 -19674
 32333
 -8289
 20693
 2736
 29965
 16616
 29836
 -31135
 8557
 3752
 -3639
 -7383
 21079
 -9901
 -12799
 3454
 -20070
 -13553
 2499
 -2346
 19967
 13018
 -13044
 19181
 16666
 7528
 -1729
 21291
 8583
 3546
 30259
 28329
 -30978
 -11096
 4075
 -26342
 26024
 -18077
 14049
 6169
 -3585
 -2433
 -20250
 20656
 -17562
 16527
 8427
 15337
 1320
 32519
 -23262
 -3162
 18442
 15226
 4268
 28498
 7966
 -7038
 5809
 27531
 -26205
 26221
 -17044
 -13249
 -4639
 -10973
 -8666
 13167
 8504
 16808
 6223
 995
 -10617
 -7791
 -18648
 18690
 -21260
 10641
 10271
 9075
 8526
 -14860
 -15567
 23395
 20123
 -19278
 -21496
 -17121
 29
 -23319
 -6836
 -28963
 -23229
 -6353
 -29127
 3463
 -20513
 -18018
 22771
 -31695
 17848
 22714
 9882
 31021
 -25920
 29426
 -16880
 -9807
 6941
 17332
 -14547
 -8899
 -13037
 -24586
 23895
 -32226
 -29643
 -14540
 -658
 -11968
 7762
 31121
 8941
 28072
 -1140
 -10413
 17816
 -13074
 29108
 18660
 -22208
 28934
 5215
 -31376
 -27308
 9789
 18982
 -2528
 1647
 -9249
 -6326
 -16126
 -22735
 5233
 -20170
 -4876
 21263
 12059
 -7079
 -21165
 -4881
 22887
 -154
 2977
 -5616
 28736
 6791
 8650
 15034
 -18871
 -6675
 -4399
 -19414
 29458
 21247
 3043
 -21668
 -20404
 -18117
 28516
 -3496
 4180
 -27306
 2025
 18292
 5753
 -1768
 -13919
 -24214
 19694
 22336
 -23588
 18989
 10232
 9755
 -20157
 17166
 7004
 27588
 7751
 -22114
 -12808
 26827
 -21556
 -2040
 4706
 -14544
 6596
 -15284
 -14698
 -14904
 -16092
 23817
 15078
 403
 -9211
 589
 -10392
 14150
 -9363
 1929
 -20928
 -4017
 -5397
 -26138
 -6621
 4463
 -14510
 25755
 -27646
 22551
 -101
 -27893
 -6016
 -464
 12212
 15272
 -19448
 31400
 -19029
 -16084
 7146
 -14794
 21425
 2422
 -11923
 -12507
 -13654
 -262
 29833
 -7168
 -16510
 -28803
 -4722
 -31021
 -13450
 876
 8893
 3518
 2921
 1577
 11214
 26901
 -25184
 1567
 -7637
 -21778
 24809
 23677
 11762
 -22916
 -10088
 14637
 -8980
 4831
 -23376
 11821
 -3567
 14683
 -7934
 -15803
 -32032
 10821
 16117
 -23009
 27734
 -16119
 -10200
 23602
 -18823
 -10209
 -22773
 26847
 -6378
 4554
 -21807
 -18964
 9447
 -27340
 -26365
 18870
 19090
 -10607
 32526
 -5853
 -17278
 23359
 -28194
 1465
 -13129
 -5260
 18741
 -3651
 28611
 23318
 11514
 7784
 9305
 12393
 -30125
 -17076
 30571
 -27080
 -17412
 -25482
 651
 -24474
 6347
 -7726
 -16477
 -12678
 -20460
 17194
 -2509
 -26148
 -19676
 -28704
 26062
 -30848
 21788
 2378
 -5631
 -26291
 -24342
 -1540
 212
 22936
 8436
 -26160
 -9789
 27277
 3414
 -18167
 17724
 11437
 -2333
 -30847
 5469
 -3782
 16088
 24918
 -23382
 1045
 -10174
 10566
 22561
 -23307
 10564
 -17518
 6984
 2416
 -17748
 -17045
 -11034
 -14113
 -13133
 8302
 -31194
 -6258
