 -6155252
 -6137321
 -5971039
 -501926
 -4816687
 -3320956
 6795544
 -4695047
 -597725
 -3334086
 5153418
 -539285
 -4976322
 -4123708
 2757334
 3819536
 -4658007
 -4736564
 -1399372
 2970374
 876020
 1556798
 -2362169
 5220916
 -1915235
 -4999519
 -235233
 -4660893
 3316166
 1185910
 4726056
 -54200
 6825618
 2253385
 -5134920
 -2595936
 -2857602
 -946503
 1330611
 -6514955
 -928067
 -219085
 -660489
 3188764
 5351390
 -3877597
 3111379
 -3925015
 -15446
 -3844026
 -2899057
 -2223772
 -1067555
 1811202
 515000
 -816569
 -479382
 -343229
 -2686159
 -2471465
 -132058
 1269062
 -1411851
 -2038594
 -1220094
 -5621763
 1770779
 2811181
 5292528
 795671
 -332339
 -3631199
 3443524
 -802462
 1394516
 -171735
 4534853
 1203686
 -1037570
 -2775965
 -4216669
 -4407135
 -5106495
 4314171
 2441640
 -7006856
 -2730468
 -2235615
 -1113968
 3799032
 -504317
 -1504513
 -1545827
 -2023328
 -192645
 -1487279
 -5693121
 815555
 861000
 -1469412
 -2951363
 2210861
 3519686
 -2245163
 -415273
 275740
 3953593
 -2295338
 4846149
 -4277932
 472122
 -2050771
 -3757416
 -7294995
 -5465250
 2752057
 86806
 1820517
 -1336532
 -3004717
 1066313
 3278901
 -126801
 -7883643
 -3697308
 2630580
 538344
 -3512830
 -4619538
 6789416
 1941081
 -886303
 2140465
 -803898
 5897529
 -658665
 -696121
 311910
 1202764
 -2899533
 -5115333
 2215421
 -5293103
 5254638
 2426845
 3769628
 -38317
 3449800
 -1526232
 1605269
 -2942473
 -3383014
 -178383
 -341249
 750831
 8026292
 1605741
 -173469
 -3160967
 6823247
 4504339
 3261604
 -547376
 1428783
 1550473
 2361625
 -3062200
 700860
 -1469288
 1582407
 -1488908
 415909
 -3490391
 -7061433
 -2337584
 3845554
 -729995
 178366
 2576106
 4135100
 -5664419
 7236733
 -1315664
 -3117009
 -4654423
 -5454389
 113749
 4784158
 570972
 853635
 -724270
 2621471
 -842901
 -3663610
 -60495
 3719833
 548102
 -2566957
 -602797
 3932721
 6444995
 36033
 555251
 -7400770
 1466376
 639088
 -587537
 -1807618
 1162879
 8063497
 1262975
 2903571
 -916638
 8242320
 3094380
 4087311
 -865694
 1083080
 -1774906
 -1897739
 3519936
 623207
 -39163
 6246674
 4346462
 -100972
 -1189934
 -3504263
 989640
 -4027583
 -6685864
 5631701
 724320
 -4363298
 -5503964
 5107333
 1558480
 -19161
 -3680651
 582495
 1452990
 -7559774
 4076593
 1127518
 -4648434
 1359537
 -4976954
 -645379
 6034927
 -53595
 -3874473
 -2840617
 1606960
 6203294
 -2757067
 -4926094
 -581640
 1563986
 7291492
 1831445
 1552289
 -2187621
 6868052
 6434230
 6601212
 -3411694
 -2124432
 -2437845
 -3334344
 3918495
 2911371
 5653445
 2564692
 201969
 2919429
 -5953494
 -3727126
 -3425450
 -11288
 800479
 -2178039
 -1941464
 4728387
 327197
 -4045426
 8221619
 -1038825
 5585569
 -3171945
 -1498678
 4240814
 -4614767
 -3226650
 -4103660
 -3990400
 2010067
 2936662
 -5541603
 916155
 2176413
 -2306460
 -1085631
 -2799541
 -4051811
 -1692685
 5213994
 7295357
 -2286295
 -4586986
 -2289902
 4511090
 1259502
 -426177
 -1014177
 3057364
 1936982
 3412552
 -5845839
 -284331
 -7317453
 3520486
 2647619
 3604969
 2490243
 -2779106
 1361134
 -1788459
 -5303539
 5435563
 3797239
 -4961282
 3752042
 -76281
 -893084
 -8092194
 -3753875
 5991128
 217913
 -3031902
 4176955
 -798548
 -179735
 -4662209
 -2998067
 -5697910
 2842856
 5814610
 4386123
 845823
 7189728
 -1331036
 -3123113
 -3656582
 359705
 7255070
 -6171636
 3298630
 1523594
 -5568637
 -7407974
 -5953565
 -3400271
 1165732
 -1318996
 -984578
 2083275
 -669457
 -7411611
 -3099401
 530172
 -2469231
 -6168409
 2441618
 -1601524
 -2054967
 -4061143
 -1005750
 -1448538
 607587
 -7900165
 -1340928
 -2583656
 -2903753
 664137
 3558005
 -5404153
 -695776
 -2855095
 2419587
 -8234624
 -5189269
 8040332
 -5042369
 21323
 -2288069
 -3485928
 -5590768
 5623621
 6776437
 3822620
 -6659704
 -3581916
 -1021026
 -2269965
 -6745284
 -2867928
 -99689
 1953288
