 -4533270
 -610641
 -2314964
 5607895
 -1247370
 1326427
 -1614318
 227094
 -2607773
 1092066
 -6399236
 2067872
 1599923
 -3021891
 1294410
 2136757
 1127637
 -3022323
 -2076185
 -3893825
 205208
 704632
 5967980
 -2285109
 -1364554
 -183843
 -1268032
 -3090215
 -118198
 -2353014
 1650244
 5453603
 837014
 -5040080
 279373
 5044942
 3852703
 -7893943
 -665692
 995236
 7907843
 6453507
 -7253527
 -2136090
 1500361
 -543909
 7001727
 6271798
 13513
 -1557556
 3886589
 -7445339
 2782948
 -475328
 4899873
 -3247254
 -2550606
 -7368789
 6170076
 6911752
 -1982870
 -1258623
 6286167
 -3062843
 1092520
 -5175504
 -6039215
 -5175101
 -3356611
 -169648
 2504605
 -529651
 4856885
 -1611531
 -1231169
 3535054
 -3591053
 6858275
 3091199
 -3196590
 -2326858
 -3090876
 -4684129
 -178994
 8132997
 -4204616
 -3777311
 2620329
 285899
 -2282640
 1875215
 618403
 -2008974
 4378233
 7002733
 805899
 -7362596
 -5544826
 -2844276
 5407130
 -677461
 -6716012
 464345
 -1278196
 1075108
 2281125
 2124598
 4723965
 641835
 -622303
 -1466278
 7115852
 3068137
 7857698
 -32053
 -6512539
 2645738
 2741930
 -2903078
 -575295
 6104896
 -1000198
 2705002
 7840148
 -2662356
 -4449757
 -2836208
 -3930188
 7370754
 -5849735
 -1427046
 -3232724
 2242663
 -5801359
 1442679
 -919277
 -1233230
 3824811
 -5084519
 6177510
 -1776181
 -3127589
 661922
 -4482369
 7740448
 5430919
 4608937
 1057896
 921965
 7814895
 8356864
 8064641
 652025
 1969621
 927033
 2893447
 -307116
 1883495
 -331958
 1776164
 2898278
 2584935
 -1003205
 -4764124
 5540117
 1329690
 -2193072
 2225946
 -4560033
 -4333047
 -8086365
 1354056
 4061055
 -2151117
 748141
 4447198
 716396
 4860295
 6447160
 2347734
 2535159
 4093903
 -1596767
 -4392492
 6080547
 1096815
 -3538225
 1762303
 4699678
 -3307973
 4396521
 6886664
 1056637
 2285961
 -2359067
 -4045303
 -1957904
 5235383
 -491770
 6210711
 -83531
 -7025984
 -4390471
 1613745
 -903795
 643297
 8164232
 -7872179
 -3080717
 -4106251
 -2013170
 -3159932
 942898
 -922695
 -2237000
 5389108
 220564
 4380892
 4004444
 -7757216
 6435590
 -1710539
 1357207
 5058597
 -6200586
 1030640
 -847712
 -2420111
 1158862
 -1114518
 2307064
 -1128320
 -1065648
 -3629772
 51275
 4189485
 2255567
 938675
 6575426
 -1483775
 -8074979
 163077
 -2658273
 6663746
 307090
 -952808
 -912277
 -931354
 -278917
 4272234
 8226100
 -1818138
 -1249342
 1659251
 2045947
 -7316629
 1788896
 1865042
 7170690
 -3731723
 888118
 3597605
 -453520
 3390254
 2224830
 -568988
 -374419
 -1296685
 3536110
 -562198
 19710
 -1530993
 -7055589
 3353926
 -2934663
 -66863
 423130
 4057466
 -3102552
 7911463
 5896187
 5279554
 6603280
 32595
 -186771
 -362264
 840662
 1596075
 4857262
 -2279942
 -7710066
 -1598382
 2390176
 1040548
 -1692054
 -841472
 360436
 437995
 1035700
 831087
 -2039622
 -6065045
 -692403
 365849
 -783261
 6636090
 5008260
 6906826
 -756894
 2617303
 5470908
 -6883236
 -4579977
 1306424
 -1074543
 475
 2223932
 -2181352
 -1664064
 -5893459
 4539550
 -6272678
 3105161
 -3068063
 -6428769
 2209733
 -1938998
 2454186
 -930863
 1072236
 2643852
 3328275
 4447993
 -2931969
 -5802085
 -1636551
 2449358
 4345467
 5085786
 3837379
 -2522742
 -4165431
 -4465594
 -2952468
 3960143
 901905
 2866631
 -67621
 -1905799
 1465932
 5150437
 -1990238
 734849
 -6766676
 3945191
 -726131
 -5942753
 2357278
 -5685906
 1995756
 5649170
 -2948408
 -2629790
 2372662
 -3850001
 -4251635
 -7624340
 -5769039
 7079072
 4094368
 893837
 -6525751
 5596628
 -1405844
 -2284609
 80014
 94979
 7719236
 5043064
 -131656
 -4533066
 1346911
 3429700
 -14465
 2768662
 -6353387
 528413
 -7759826
 -4182929
 8338952
 -8383477
 -5278512
 7981688
 2275840
 -797151
 -6671600
 -643434
 -2218881
 -1903139
 650460
 1174797
 -174942
 709008
 -83287
 -363874
 -825359
 -1856319
 -2892222
