 -2954449
 1375604
 -6491216
 118152
 -7044567
 -2492252
 1204427
 2412124
 2417873
 -751817
 6051143
 -745881
 1958827
 3853224
 -1275052
 -1702464
 7153624
 -616529
 -523463
 -3255733
 -584341
 -2260723
 711486
 465295
 2805733
 -3619949
 -1666555
 423738
 3141430
 -991326
 -1942070
 -1035582
 5306517
 -2779672
 4569300
 68237
 6225274
 2206386
 -1805095
 -5091883
 451907
 -752844
 3509479
 6775492
 -2064069
 -3600345
 4544070
 -93863
 -4749539
 -141053
 95857
 3047942
 -4221276
 -4786039
 1205556
 -4733233
 -5391175
 4006928
 3341081
 -1079125
 -1399375
 2687481
 920221
 310849
 4049310
 -6515027
 896128
 6575679
 -3660930
 -3627149
 645030
 -376569
 -6003861
 -1840074
 -876405
 -3298046
 2865907
 1120023
 -5039866
 -354013
 -4441175
 4885360
 -1937386
 2377404
 -2918197
 562686
 1725767
 -7813114
 1968881
 4444575
 -1288409
 -6061481
 6624976
 4448154
 -2739387
 -2804165
 6330048
 -6609804
 -378495
 5121089
 -2920772
 -2289758
 1314664
 4143060
 -857565
 419335
 176916
 -3025991
 -2201966
 -2953138
 240066
 5868906
 -879004
 2921321
 4064357
 -6512555
 2968073
 3606716
 -4134788
 4357982
 -7896732
 5875357
 -2511086
 -4270514
 1574990
 4706356
 -1634947
 -3418091
 2628794
 179454
 -5054544
 -4637091
 10017943
 4824936
 -4144870
 1862765
 5532262
 4469174
 1413060
 -3528363
 3319828
 6336405
 -3153579
 -3823570
 -3336563
 3717050
 -2615425
 -6687843
 1808479
 -708832
 -3138307
 -3593998
 -4412196
 5078078
 1281193
 -7406643
 -2124565
 80276
 -181685
 1105736
 -900654
 2467586
 -4337201
 -2784092
 2475460
 -768001
 -195101
 510451
 -2418421
 -241116
 -4796274
 -4238137
 3199780
 3654992
 -3612593
 6610775
 -4249426
 6047940
 -2334357
 8327698
 -1625703
 -2723680
 272830
 9620
 -4986829
 4926313
 1873114
 5237537
 5362127
 -4680126
 7977695
 846909
 477097
 1244051
 -379811
 -1134264
 -737657
 -884985
 989145
 -1921484
 -7623164
 5596946
 -4561932
 818194
 -5527486
 518406
 2377928
 3351281
 1406266
 4266454
 -4242236
 6983660
 4949401
 3126311
 -3222481
 114120
 -4399811
 6048196
 8156464
 4830298
 -2589728
 -1596344
 -3065524
 761357
 -2953633
 2204763
 -2725786
 -4076182
 4244655
 7240203
 -3253166
 1245552
 -1454244
 -2417492
 -2437162
 -2439851
 -4102017
 -2537847
 -1643508
 3764935
 315071
 -243126
 -2263201
 -1646436
 -1451660
 -389581
 -932679
 -1445042
 6733337
 -2990740
 1855737
 -3305621
 3977803
 931040
 -2357077
 -585036
 2012896
 -3431340
 -2303033
 845186
 5279334
 2443652
 -4075821
 -5297099
 6432664
 -3144898
 -7132663
 891040
 -2455303
 -44193
 68168
 7985717
 -6380798
 413894
 1693215
 541948
 1105065
 4887010
 -1432744
 2372195
 -1115616
 -770341
 219459
 803618
 1427648
 3631114
 -2078748
 -513219
 -3563334
 -26132
 5602645
 536988
 4802179
 3162381
 -2261998
 -7156384
 -2420987
 2141232
 1668105
 -2202619
 2612695
 -1194297
 340451
 -1358044
 -4299309
 -3270776
 -30783
 6079448
 -52708
 2004305
 -1995709
 -4683523
 4403957
 5678207
 7189961
 11446103
 -3205049
 -4954283
 1872418
 2506559
 6454583
 6437512
 -5262860
 -8039321
 5627815
 7795158
 -4677170
 3008477
 6144024
 -5143937
 4310573
 305041
 5451415
 4502303
 -2206596
 4709789
 3723411
 -5483845
 6635475
 1170089
 2275531
 -4032245
 -786750
 -2945901
 4282925
 -1314018
 -674804
 793335
 2134765
 807506
 -287332
 2899392
 -6389849
 2570866
 3589134
 -493246
 -5113860
 -1078806
 671616
 -4894047
 448578
 3142940
 2977477
 -1005195
 437438
 2001741
 2405548
 1182156
 262581
 3231640
 -6193455
 -1583680
 -6396143
 -186619
 641978
 -1347335
 -6231138
 5250626
 199015
 -4452764
 9475447
 10834979
 -4151718
 -4286894
 -6707864
 4364725
 -3745514
 -8135526
 1236282
 4730698
 -4096423
 -1863559
 2884034
 -1648240
 2138301
 -1527068
 -2353956
 -6455429
 439223
 -3673935
 3112166
 -2675726
 2570410
 -945768
 4518558
 2317420
 -887790
 4647856
