 -1336079245
 322214237
 23352625
 -898155327
 -112169375
 -393611302
 297668293
 258836404
 2057318645
 -1012442919
 -1013589312
 2012333434
 -152217507
 488482149
 -13144573
 155354213
 2122121832
 -389001041
 -2019406651
 -880817095
 -113538766
 -897283562
 -1243189396
 -537031283
 897509494
 -764968850
 -680212875
 1873398467
 -659585603
 -493581966
 -582191793
 -24441101
 846846459
 -2137061235
 -1664420460
 -88503778
 1856538114
 179554885
 -289658218
 -1405474837
 336144637
 -8755971
 197211362
 96895177
 -693668752
 1843124009
 -579362151
 -816929159
 2038371951
 1359404774
 -1887089120
 -681446238
 -330269289
 1513328730
 -1520247377
 -785214832
 1550772462
 920460364
 817791066
 -1206337062
 -848197989
 370938488
 884200822
 -1283410791
 2094315147
 354845498
 -180367842
 450050774
 -1484188462
 -143571065
 -766128209
 -1274627862
 1596489432
 396089907
 963051906
 272674659
 -1169326012
 17192342
 -1201276896
 -1016910555
 -2129362609
 -116571208
 -278581802
 -1470569211
 436294670
 -261081042
 1380964577
 494064545
 1050445140
 804933373
 922005414
 -904149282
 1100226485
 19989140
 982359671
 -750016952
 -1275980072
 667599115
 2130601332
 697471435
 -10882615
 1068230108
 -2135037268
 -320866056
 -1599416808
 -991173858
 418093715
 863388039
 2084326068
 -179733727
 -568607054
 2071847820
 -2043015169
 382723897
 -394411478
 278266786
 -768293333
 -466029356
 -211029467
 -507408725
 760212934
 1476730613
 1279580132
 -460180428
 -2121595888
 2043149097
 -1227633438
 1898938857
 1489276806
 -1580646706
 -641557511
 1470122134
 -2085744069
 133113632
 415711843
 1751184851
 722157715
 -949923749
 -1181720211
 1448520714
 -908724826
 -890105974
 -677953313
 -173489215
 -1651086250
 -1293699496
 -652861500
 -1216452009
 426490481
 1123545205
 -818395456
 1430266661
 -861393077
 -965151058
 141401777
 671426273
 339183503
 418019251
 1723634054
 1344911695
 234118931
 -821540004
 -887512710
 -303599941
 -27052983
 1038188519
 31216762
 1906179737
 437006708
 -398926504
 152652918
 109710511
 3986870
 1217204970
 -1660564835
 830730735
 2130118596
 -2135077044
 2110234480
 1029975607
 1408319593
 -734823802
 1194488280
 1737895047
 554216034
 -428446055
 848250812
 584774857
 921851319
 764202353
 -1090982137
 -427053555
 -523274997
 -81945140
 -1383386459
 -1512969113
 -342450213
 -1670379926
 49243053
 655236368
 1340558553
 560610593
 510504129
 -428138651
 473735442
 1215373897
 1241881833
 281493905
 -635752945
 1116631313
 667400138
 -729945000
 -688010975
 -486105939
 -322921068
 -628326051
 625655749
 578695091
 -81015052
 -145678657
 -2048109507
 -56164931
 -910320971
 -771548499
 278505428
 -1673830357
 -809152274
 752544748
 -359022736
 1418219468
 -123218950
 246335102
 35784758
 879957731
 910544530
 113536240
 -1174093938
 1194407564
 -542453530
 -1363725536
 -21067570
 71920161
 779925993
 37101104
 -1374566903
 -1538677154
 -1569921400
 -1171603844
 -1236418355
 -1116396918
 -386477049
 644099798
 648503550
 451013374
 -83516136
 1464211766
 -691147919
 1033535408
 681636901
 -1325288494
 -516637057
 -36530615
 1003539909
 -1840288534
 230090486
 -557234449
 -1561971985
 -951161556
 531989335
 -1429901411
 -2075182993
 71768471
 -904196001
 607928163
 -758599436
 -922160749
 -526196072
 1981584599
 67982917
 -136815832
 -494234980
 1749202857
 1960428055
 -588749821
 -839719910
 1130751352
 -840415857
 -932368137
 2031944950
 -628977415
 -48811878
 -303482083
 243911062
 1052162629
 1099271641
 209184186
 -688064094
 275550351
 -217702104
 -1255407888
 -1196480191
 1351301262
 1856592473
 -1337807659
 1008881093
 -655871899
 -1429628490
 1549232478
 200969919
 1943015191
 943262015
 419976045
 736126514
 569927684
 -882683799
 -793784465
 -874270052
 -1660415575
 37368598
 -937860812
 -514661020
 -1656121549
 -847443594
 426273525
 159084788
 1253514328
 -704282449
 1812655835
 -906507386
 1788441408
 1855708138
 222810816
 -952941168
 -131362205
 133863416
 1632749290
 932971091
 -1379991799
 -1325125578
 -190966237
 698642363
 313333054
 -34961722
 1796170203
 -1689659519
 -124378288
 -688955102
 -1685994433
 468467317
 1187333039
 -255795186
 477140686
 587146696
 291829433
 -1139108606
 -637936957
 -591246898
 -1048156773
 -2053737118
 -681874978
 -1110406587
 985886868
 -115957913
 -1891038808
 -1031718273
 -711471324
 -78094848
 -660849728
 1498275758
 338328396
 236853855
 1438920372
 -564642863
 -11356488
 -31958893
 264913771
 -1007426603
 -138315620
 -610119251
 -1008557948
 -328852536
 -662915844
 971818641
 -730285901
 -1211413166
 1809821698
 -1680113570
 455691584
 -371195002
 652660733
 -1754361085
 -901611763
 -1012161932
 832024419
 -144677647
 -1228800667
 148696882
 -1200313748
 1959260713
 -38676646
 -1716420920
 1126624047
 867834051
 -712753585
 -1334162806
 -337092521
 -192495585
 -1901526172
