 -1050032718
 796625969
 265688359
 1517992608
 1883206039
 -270565600
 -1211908728
 -1863194331
 -1263032346
 1258095154
 -446454092
 -1024112439
 -520810379
 615267836
 329341692
 1255227043
 -975007275
 -1473415798
 201265625
 -1638017764
 -893666379
 -1274127501
 180723880
 167689483
 -865084976
 -520595897
 -49925617
 -772994373
 -36378676
 -376699513
 -618143450
 1400642606
 148029562
 509033135
 -1061227138
 -276589361
 1378771625
 1965737805
 196599676
 1132753081
 -371281820
 -87539636
 319565366
 1419024179
 -298633501
 -212459592
 -440983776
 -996901477
 -885177890
 539663461
 1780331077
 -1563282457
 -949459994
 -906602719
 1125951546
 -268919504
 -936546465
 -1250272194
 322449769
 1176138601
 160252131
 1206267996
 918689348
 1683569961
 -1001210043
 330055688
 481732589
 1357811768
 -1557221889
 -386692955
 -236151550
 857653777
 -1233138300
 -195237109
 -1820903924
 -1189262827
 -876639956
 -1199455296
 -424839431
 1548184021
 713948
 -1397200099
 532405671
 891213814
 246608410
 1123649797
 27939586
 -660918310
 -4750979
 384219410
 -1649274410
 -910696780
 1001637965
 777457844
 -344449431
 -130867334
 -1273977973
 152053665
 443089464
 -362537049
 -50837185
 358109470
 142534743
 -703349998
 -743102386
 -40146681
 -68061445
 -661265890
 28364600
 -911413345
 908283349
 -71583723
 801305331
 -1032445356
 -588075593
 372307755
 338108642
 639737182
 400370612
 410707912
 169861054
 -115016270
 -1852102847
 -873685311
 1277929276
 464670984
 -1787075605
 -748490473
 274450896
 691470990
 182382363
 -986427379
 1348770116
 -59296021
 129663849
 -154281946
 632289582
 -470064268
 386091723
 1800535032
 -365077910
 253910546
 148603974
 367245561
 808385403
 1567228483
 -194810757
 -983503467
 151756421
 -1638402249
 -1360615763
 6388306
 -913161508
 -1251143482
 775264238
 -1526531915
 255916846
 558194472
 -365188399
 1934293901
 1274248865
 -594582213
 -948518888
 157435926
 214878557
 273986566
 315314753
 -472732717
 867078832
 -17924726
 1395181237
 1550028985
 1543344047
 -541506709
 -2048366333
 -888687567
 54422876
 848205781
 2075465870
 237387258
 29342
 483822044
 484316529
 513505983
 758599471
 1682877375
 -79432186
 1339168815
 773870263
 -637098844
 -377409028
 -771826378
 -1787732637
 851148846
 894688516
 651485298
 32968693
 -346256181
 -404499310
 466411971
 -455773005
 821442019
 -134683520
 894758307
 -129663853
 304791531
 -1103983054
 190280646
 -1259199276
 531945594
 1869799467
 2102971930
 -983946322
 -999249583
 860824229
 1044327003
 -1099741661
 157778163
 -1234922933
 -487101890
 -602530585
 82089109
 516671317
 -748900618
 -952338796
 -1440968918
 -822082659
 637964046
 -551036371
 -909531942
 -31696152
 -784520042
 -206945243
 638803838
 -427152085
 121007717
 -53024423
 1177275718
 56430828
 585393831
 -1350635717
 -249227543
 38178135
 1777536229
 111231922
 -749838912
 592327750
 -615820457
 -1105658961
 186835143
 496103892
 -1159159060
 389486123
 -1368999581
 102571835
 351464920
 -1094013555
 355358214
 -514608986
 1271290016
 -1291241720
 -1028465525
 77586376
 -31352349
 -356878209
 167914938
 465982541
 -95538638
 -149562113
 -533528383
 355806204
 -980631820
 29700366
 1869734617
 405294867
 532524946
 1564255196
 1756074712
 -182799314
 -347158226
 -935040663
 -1060672623
 94007380
 1382605229
 -750807598
 883978748
 483903312
 -104751451
 1074212407
 -1534762555
 -1664542581
 -164331361
 -857424001
 -1478365627
 381378371
 -358055508
 -882254120
 -637415644
 295198889
 297644849
 697511678
 -1026821902
 -505052617
 -195386941
 666587062
 58963982
 -168560335
 -313034428
 747329903
 -130403625
 85298295
 1088463235
 578819787
 -721049713
 1092686684
 -471731074
 -1000468717
 -1090920586
 -318197768
 -775948932
 856044064
 -941847551
 -5309226
 1171623430
 -528895482
 381758487
 926235253
 720931457
 -1855402228
 -154657786
 811869846
 -500344665
 -1096694422
 -371248211
 -849596684
 1053612558
 174140874
 -1980061951
 -1964401516
 2050367057
 565225573
 -196937440
 534784920
 360798199
 482293103
 -859293534
 28189245
 -208362435
 1348672806
 -894572298
 968640752
 -841263046
 1911374787
 -485243099
 -1586651731
 1445107428
 267111173
 -1109965785
 -110121820
 -433751557
 -93278412
 -1573862047
 -2070167066
 -543706687
 -425507112
 1014973792
 -46631556
 -750278900
 -987205538
 -952776679
 -766203547
 1837316099
 -826905227
 -635079391
 117249960
 -1080130013
 2023774293
 -1016451056
 865086321
 -761102434
 1653172932
 881028920
 -15473339
 -761144192
 1535675128
 190201141
 308625555
 1516955730
 -1914047704
 -5652150
 -157859901
 -425206119
 769836545
 -198008887
 -1173305682
 -83127429
 463499431
 -856989234
 41611484
 267185904
 308371886
 648865059
 825298249
 2087297160
 1396514969
 -836777706
 716017925
 -38618485
