 -736113469
-1053102476
  899191944
 1009251726
 -526849643
 -913400405
 -377373627
-1629447590
-1286712130
  182548145
  990180248
  813316306
 -112712779
 1384249718
 -168126304
 1090364545
 -445640079
 -720207069
 -520466715
  651809104
  -10387812
 1746474680
  745243771
 -671098920
 -225245004
  262456429
-2082726905
 -777898261
 1387639523
-1529717549
-1441960410
   58537151
 -259971849
-1130178615
 1500516536
  298720709
-1791550610
 -408435338
 -933933173
 -946010762
 -169307473
   42282306
 1366212947
  610919857
 1512846197
-1534462176
 -197632729
 -710288105
  218537890
 -844253177
-1493018389
 -746341960
 -968963336
 -255122418
 -703095312
 1445851023
  169743570
 -341446546
   23634643
  226861994
-1085060953
 1710932397
  169052724
 1776920050
  425920864
 -905137141
 -629840765
  987027116
 1307206184
-1158273102
 -671407079
 -757295322
 -860579746
 1254971614
-1326998655
  690197665
 -878931998
 -100117278
 1484016652
 -688466716
-1147618046
  711229589
 -582148648
 1120983091
 1402590914
  636893856
-2082165131
 1505801281
 -269347309
  303964734
 1564667621
-1680859933
  455999428
 1716821289
 1955188941
 -809458065
 1052924723
 -280771023
 1027282844
-1056168211
 -437221215
-1416073640
  799894587
 -929007816
 2090582949
 -129416846
   37887360
 -791610167
 -827666053
 -468878966
 1792954108
 1904188964
  395409651
  -77884456
 -649558790
-1820460460
 -739306770
-1422681169
  -19507754
  575481836
-1090178390
 -966671502
-1284599903
  156986101
  123197912
 1242582077
  -81050744
 1838473794
 -696158450
 2146331570
  156753633
 1081619085
-1319718009
  591115864
 -520273411
-1318558432
 -735175646
 1754309134
  289779728
 -749156944
 1650299544
  451055742
  964736107
 1816570480
 2054780562
 -786614546
  618759160
  115877652
   42180221
 1749352747
  840494381
 -554434643
  455420270
 -936610551
  685017601
-1059947651
  376727426
-2051976450
  668071680
 1987149987
 -843241392
 -132512113
  -82354909
 1602971731
-1436176040
 1303501584
  866028345
  644104896
 1293433349
  452212335
 -203724816
 2036367290
  -95875469
 -636984871
 2042014006
-2094523485
   42174738
-1513976794
-1423476359
 1979170319
-1213733398
-1310161101
  513306740
 1210314095
   56324474
 -106806594
-1731438406
  716490776
-1797525122
-1239226837
   41316305
 -999012727
  674823168
  435410375
  535388288
 -990956522
   -4587860
  -55521764
-1405122287
  346467373
 1514172044
 -557973197
  -46524621
 1741323740
 -828396460
  799130504
-1990838844
  443696144
-1643285681
 -525625628
  -75235364
 -600936102
-1945847570
 1926600872
 -989399479
  703184100
 -667392467
  297318946
-1776864833
  909381423
   89644609
  277017388
 -306935287
 1334851094
 1690652192
 -330175882
 2074673014
  284683391
 -665581966
  384518163
 2097590731
 -756598089
 2070022772
  232919203
  -63975624
 1727993421
  436897584
 -916368069
 1450700719
-1084955332
  264466873
 2004457586
  278588485
-1129869788
  730598059
 1067164411
  343177028
 -336750600
 -706659874
  104407115
-1768954245
  230097576
-1457232658
  922741552
  980441035
-1393588252
 1656702471
-1844531418
   81851852
  128551875
  845684905
-1713594366
 2006819472
 -178386395
 2105498199
-1726460801
 1178405799
-1394618711
 -237877972
-1010321054
  529241144
 -411703253
 -891758462
-1269302360
  263040137
 1303044234
 1875991083
 -383052354
 -857729236
   -2502614
 1269226741
-1965695452
  417166592
 1622293736
 -207571628
-2036580567
  434330033
-1030290171
 -318002074
 1879286889
  980233861
  405955854
 -478225005
  -21676601
-1216627741
 -741982889
-1787532379
-1312087497
  753731932
 1085816819
-1476732470
  350727739
-2082274603
-1146873068
 1217117987
 -263278170
 -451414954
  985182141
 1063956536
 1784907112
 1282910314
  842039994
 1400058323
 -683215879
 1521131417
 -163204603
-1063824151
  231803685
  468284325
-1480609360
  249185433
 -378934860
-1997432263
-1834362656
  806183142
 -132817709
  -61047031
 -224741451
  579854026
-1002701148
-1839133732
  483401873
 1242294868
 1160927863
  988938521
 -227935941
-1736196204
 1007467012
  953994126
-1366110997
 2077240771
 -838838410
 -659186662
 -615508522
   98770014
 -231167537
 1377211908
 -679666144
 -534877621
  818625917
 1893955119
 1896436100
 1071482707
  654922987
 1001415362
 -587081957
 -446867024
 1830308711
  532557936
  576736708
 1837909631
-1384208030
 -759605179
 -493638869
 -150931060
-2017947662
 1372322597
 -532658810
 -200826349
 1100341875
 -381210367
 -793457796
 -830577022
   65636846
-1017270064
  218931418
  286968829
 1496039436
 -510786143
-2082281738
 -740028127
-1103851798
  535968333
 -224122571
  427130252
 -758860118
 -436602486
 2138486425
 1181122303
-1175141746
 1374807185
 -589530799
  531044744
  868568737
 -775417122
 1860427345
  631572336
-1961112716
-1877136258
 1329500779
 1077604903
  228266086
 1804607772
  801470612
 -622410238
 1012155476
 -679395231
 2052729878
