 5190
 -19832
 6965
 1560
 -5478
 21393
 9147
 -32635
 30478
 -9683
 24036
 1268
 -31688
 -5660
 -27164
 -8536
 -13308
 31252
 28462
 18669
 -28538
 31606
 -11268
 -9053
 -12872
 -15464
 15484
 -11262
 -11678
 4538
 -8422
 -29648
 18085
 -32053
 -7217
 24371
 -17973
 -21473
 -30525
 -921
 23928
 -15978
 9480
 31631
 -11960
 21634
 19559
 9251
 9289
 -13091
 -26036
 26268
 -8938
 -9555
 -14428
 17317
 21667
 -1802
 22308
 10332
 19185
 20086
 -31982
 24902
 -26863
 12813
 4709
 22499
 -24213
 -18343
 -30056
 -3490
 -26418
 -7006
 -25545
 10650
 -18930
 26788
 -28971
 24465
 -15169
 -5765
 26341
 17892
 27660
 -4549
 30333
 8839
 29788
 22107
 11782
 -15040
 -33
 21128
 -15135
 -23265
 24685
 -9785
 -19389
 -8538
 -31550
 4599
 570
 -25845
 23257
 -29869
 -14660
 7798
 15253
 -9931
 -28843
 12632
 13129
 8661
 -1073
 19235
 21317
 -19182
 -15868
 21230
 -4747
 29195
 3407
 -5321
 12659
 -5723
 29477
 21194
 -18646
 -13257
 25330
 -20763
 30675
 -27686
 23611
 -32350
 16931
 -21872
 28413
 -6085
 15618
 -25061
 -17637
 -15108
 -21910
 -4734
 3014
 -23537
 -30668
 -10817
 -26024
 27582
 9101
 20378
 -17219
 -1684
 -1988
 -9287
 -3541
 21691
 23227
 13705
 21769
 -25840
 -3623
 2985
 -18993
 -25072
 -9232
 6598
 19504
 7363
 1065
 15056
 -9396
 -28470
 32364
 2969
 17195
 -27188
 -11068
 27639
 22959
 26127
 -20621
 27585
 -1453
 -11192
 1255
 -2492
 18134
 13599
 15095
 -6899
 -28676
 -21288
 21999
 -29759
 25043
 13054
 -24031
 31448
 18277
 -15073
 -9592
 14263
 17821
 -3922
 23370
 23133
 3718
 9589
 19245
 -26176
 3520
 17951
 -16437
 29292
 16223
 32204
 -16005
 16728
 -1981
 31264
 31011
 14003
 -24255
 -24430
 -22837
 19055
 -6719
 16232
 4323
 -26059
 -26757
 -98
 -15329
 -26438
 -24081
 25842
 -12994
 -1555
 -30994
 -8554
 -27612
 23006
 14394
 11183
 -1923
 -105
 21964
 32253
 -795
 -28747
 28560
 -7150
 -30273
 2674
 -25474
 -6887
 -11248
 9562
 6099
 13089
 30986
 -9297
 12650
 11243
 -22249
 -30220
 -5
 14649
 -23348
 10745
 1504
 -2428
 -24403
 1850
 11626
 -15594
 30638
 -541
 17585
 26398
 11690
 -13250
 16251
 -1103
 -10266
 4548
 152
 -5378
 27935
 16398
 -31114
 -7295
 -6802
 10246
 11639
 26422
 14215
 -30966
 31856
 15786
 -31265
 -29980
 -14137
 -28255
 30292
 -18200
 -14351
 26736
 9273
 -2531
 -16088
 -15265
 -27519
 21612
 -1564
 6543
 20611
 21345
 -24632
 -6465
 -21648
 -16779
 -29669
 -31993
 21209
 30979
 12072
 -5170
 -18518
 -24245
 26015
 -11006
 -12601
 3611
 -15515
 -19350
 2400
 -10866
 -27039
 18716
 22428
 -31859
 -14585
 1983
 -15739
 -26365
 18148
 -1231
 -18907
 4300
 5758
 -1197
 26694
 -26721
 7417
 25731
 11244
 4456
 1272
 -17608
 -16660
 25971
 2042
 2420
 -18620
 -29507
 -13391
 -10220
 12941
 9760
 -12062
 13426
 19361
 25390
 26368
 -27050
 10005
 2082
 -15286
 -8952
 -4681
 5443
 22413
 -26888
 -19235
 -5059
 26648
 -4251
 13491
 -5832
 -526
 -2966
 7281
 31101
 26108
 7496
 698
 13250
 9018
 4362
 -10300
 -30320
 10923
 2151
 -32275
 23886
 -15815
 8522
 -11267
 8841
 26552
 -26887
 -4549
 29751
 21061
 -9029
 16304
 -1402
 2468
 -2524
 -27189
 -973
 7429
 -7234
 13367
 8209
 -23421
 18929
 524
 -31025
 15806
 17869
 25548
 -30459
 18521
 15342
 8911
 24425
 12213
 -27692
 28726
 22737
 -27182
 -13657
 8584
 19249
 18119
 -13432
 9515
 -12262
 1370
 757
 16807
 -3263
 18261
 -16155
 6089
 -32269
 11317
 2102
 24663
 -6299
 -3679
 -5996
 30300
 26258
 11320
 3001
 -5439
 -9376
 31774
 -16767
 -28003
 25998
 4056
 11753
 -28874
 -28303
 -28387
 26121
 -20712
 -6453
 6933
 11025
 2702
 21074
 -18979
 23843
 -27815
 10336
 7914
 -25681
 30287
 -24068
 -23531
 1789
 1938
 9241
 924
 -6792
 -22206
 -4923
 15186
 18349
 -1871
 -7373
 -22549
 -6907
 3263
 28276
 32060
 -8868
 26758
 25866
 -7351
 -26396
 6685
 5119
 -25217
 2506
 17647
 19323
 24929
 -25338
 -5468
 -26575
 95
 -8139
 -21596
 -25790
 11888
 21269
 -21909
 -29677
 -23857
 10998
 32012
 17453
 -15134
 21571
 -13892
 17874
 -3530
 26479
 28924
 -19013
 24987
 -24565
 -30958
 -8643
 -29387
 -15935
 4029
 18211
 8984
 7568
 -12848
 29089
 -25699
 22778
 15142
 6626
 19666
 30294
 -21327
 -1644
 -21061
 14649
 3972
 16599
 -12877
 2819
 -14857
 -18991
 -10549
 7182
 -15028
 12347
 -31874
 14751
 -20081
 2084
 11678
 -18339
 -19112
 -27565
 -7146
 -13016
 26712
 -10609
 8053
 -20351
 8271
 -24279
 4328
 -5635
 21914
 -6800
 -27441
 1096
 -5520
 360
 28684
 15406
 -23268
 -9459
 -7816
 -17404
 -3113
 -19678
 -11368
 -2837
 -12067
 31321
 -27130
 -12096
 -14188
 22774
 22402
 -22193
 24984
 22456
 -6919
 -23561
 18757
 3975
 14088
 -14549
 -24669
 -8853
 17531
 24818
 16310
 17853
 23488
 4095
 -23320
 14404
 -23063
 26144
 -24526
 11404
 2123
 21109
 -25877
 31321
 14658
 25919
 -15996
 11736
 -26079
 1357
 -2809
 10177
 7165
 -28099
 26946
 6137
 18972
 18853
 -24521
 3705
 2646
 -15470
 15625
 -28682
 26030
 12580
 -13950
 7005
 5503
 30419
 -17143
 -27947
 -29390
 5631
 25035
 -7740
 -17506
 29473
 783
 10214
 11517
 -25355
 1590
 -634
 13988
 -1320
 -5982
 1537
 -21151
 -4345
 -16330
 -6651
 -24344
 21679
 7938
 15593
 -958
 30032
 -18238
 -24134
 -13992
 4095
 -13824
 17805
 2757
 8427
 -20656
 5939
 -25914
 4531
 27859
 15685
 -7877
 -18561
 20923
 18580
 -24837
 -7531
 -6523
 -19341
 -2442
 -21593
 -19427
 -3768
 -16834
 -9059
 -24657
 -21771
 -28744
 -28182
 -6051
 23235
 14120
 -11227
 -7301
 -32464
 22979
 21589
 -15630
 26007
 -28273
 -1297
 -20744
 -4514
 2433
 -12631
 9260
 -729
 -10917
 30467
 -28147
 27701
 26387
 -23376
 8304
 6757
 -17771
 -29718
 -22797
 -23428
 -18484
 -18550
 7497
 25791
 6727
 -26910
 -12176
 2080
 -20615
 21931
 31093
 -17733
 -6024
 -7597
 -14342
 -24379
 -21227
 12936
 24946
 9972
 -27415
 -32584
 -13165
 -13820
 -4884
 29941
 -24070
 6358
 23186
 -8033
 -31918
 -19740
 3476
 -4042
 -2901
 1762
 -8855
 -14290
 24926
 16903
 19947
 20962
 27089
 -31218
 10926
 -11633
 30529
 11228
 -2297
 6437
 -12391
 -24308
 8858
 -8096
 -20373
 8126
 22911
 11585
 -32075
 -5153
 -29935
 17575
 -14423
 8315
 12411
 -12767
 3002
 18169
 -10556
 7576
 11252
 8143
 -26571
 7473
 23288
 -2118
 30385
 25094
 28848
 -27953
 -18395
 6854
 13162
 4841
 -4795
 26290
 25995
 -2760
 6220
 15117
 8638
 -14118
 5237
 -9530
 -10134
 -7340
 -1119
 -25977
 -1761
 -18611
 7926
 -25123
 31846
 30136
 23883
 -8149
 -2658
 17960
 16359
 -12022
 -13178
 23871
 -12559
 -30809
 -2772
 13754
 -13717
 6951
 25559
 -29431
 29594
 -2778
 -6724
 -21826
 2159
 -19767
 -19520
 -27452
 -20485
 2545
 -22508
 22472
 24450
 -1663
 -20294
 -8023
 -3688
 -9691
 26754
 608
 -31491
 22319
 18546
 -5818
 7103
 -29102
 -32084
 3609
 1610
 14942
 -27854
 19582
 -809
 29207
 -11603
 -4035
 -9312
 -31062
 22383
 -19879
 30221
 15383
 23128
 -2662
 -32292
 31278
 21143
 -27383
 -7464
 14821
 1898
 1579
 -28588
 32053
 9941
 -10794
 -9671
 -19424
 29421
 -10214
 31594
 20261
 -27725
 22601
 9686
 -29113
 -13071
 31492
 9957
 -6664
 -29855
 -4062
 -10392
 -10013
 -23043
 -11991
 -22056
 -12863
 -13969
 177
 -969
 8438
 2655
 27538
 6711
 -17509
 2637
 -15567
 -21450
 15176
 18628
 -30837
 -28030
 30020
 -26901
 22571
 -17075
 -16930
 -18408
 -19891
 -3257
 -28243
 5175
 22758
 15410
 26186
 20983
 -6211
 10307
 4414
 -14553
 11593
 21748
 -31549
 12516
 15974
 13805
 12912
 -3627
 24150
 23536
 20974
 -24754
 -6334
 -41
 -28708
 -28243
 -32339
 -13208
 -12390
 24508
 16336
 28439
 4599
 21263
 -32582
 3010
 13505
 15773
 14913
 -22813
 31393
 -21875
 7439
 177
 18199
 -20133
 32201
 -10556
 -14158
 -24506
 3831
 19501
 2696
 18754
 -21838
 -2950
 -26240
 -3204
 -4480
 547
 2297
 -1793
 -1127
 -11438
 23696
 27773
 -14236
 11725
 4110
 -3217
 -16045
 32649
 14614
 -11714
 19151
 -18151
 1128
 298
 -24214
 8167
 6180
 27374
 12011
 25577
 -7950
 -21680
 27446
 -26403
 -8570
 16991
 -10335
 10051
 -17482
 17658
 -10955
 24076
 21551
 -10903
 29094
 26008
 -26002
 22953
 -3148
 -27801
 -4694
 14527
 16160
 1001
 -20958
 -4154
 22428
 -24251
 3380
 -12359
 -18475
 -32646
 -5172
 24170
 22417
 -10096
 -27478
 32246
 3696
 20426
 13430
 -24369
 12465
 -2116
 23797
 13860
 937
 19228
 12775
 -19325
 28638
 5722
 9798
 2687
 22195
 20402
 -3186
 -26725
 -4007
 -14322
 -29813
 1011
 -14289
 27088
 23060
 1618
 -24834
 -9807
 -27161
 -14632
 10247
 -16871
 -5804
 -32768
 -27788
 18978
 -29664
 11403
 26360
 -31591
 23153
 29998
 17630
 22637
 3072
 -11398
 8487
 -19671
 -779
 27045
 728
 -6092
 19312
 32176
 -23168
 -15859
 25374
 -3961
 -9939
 -17619
 19082
 -15623
 9316
 4161
 3436
 -14077
 -24928
 -4288
 4778
 8391
 568
 512
 1042
 -18662
 25299
 17703
 -15882
 -5327
 -309
 9183
 -24800
 -22988
 12522
 9444
 -6712
 -19682
 -1838
 25838
 -17416
 -350
 26275
 -14194
 19660
 -17346
 7323
 -27940
 -29063
 17022
 -19320
 15708
 -29357
 -12457
 -18637
 24897
 11767
 1672
 -20570
 -15043
 24509
 23390
 28808
 30315
 -20324
 6844
 329
 1499
 -15209
 5344
 32122
 11963
 20311
 -939
 17485
 21502
 17344
 25089
 29790
 -13928
 -31209
 18776
 7165
 4487
 9155
 24727
 -19207
 -28272
 32228
 -13902
 -19105
 28855
 15966
 -13828
 -27996
 8448
 21840
 -32588
 4426
 -29585
 442
 20031
 18859
 -27674
 23700
 -16719
 22153
 -8039
 -18931
 23308
 19847
 17463
 -25616
 -7526
 -6799
 -16009
 -22581
 -32304
 -15069
 1295
 -245
 -1660
 15399
 12688
 1599
 -13171
 8007
 16371
 10895
 23948
 -9153
 -9790
 4534
 -21474
 19502
 8584
 -32298
 -27121
 16664
 17876
 -14451
 -11484
 -10775
 13574
 -10741
 26388
 12350
 25600
 -12908
 -11541
 -24051
 -28133
 -9506
 1704
 -4717
 -2107
 6181
 14607
 24946
 -28491
 32491
 15416
 -4935
 13219
 -3316
 -24793
 31847
 -1216
 15560
 -17849
 -4550
 27027
 29204
 -10110
 32573
 -27858
 32707
 12875
 -23021
 21462
 1974
 -14419
 5798
 9994
 16949
 8962
 -6915
 28299
 -9926
 -10698
 1961
 28837
 -9699
 13074
 -28437
 -7995
 24897
 6134
 27570
 -10802
 3125
 -24567
 -27920
 6440
 -16540
 3644
 -32154
 20614
 18121
 18161
 18756
 -4324
 -4557
 17982
 -8413
 12595
 -19870
 5114
 -5534
 14776
 15419
 -2972
 -19014
 -25100
 4898
 7992
 13639
 2340
 23659
 -26709
 -12227
 22547
 -335
 -269
 -6434
 -8140
 -15872
 -13747
 14825
 9706
 10152
 4240
 -9765
 -25865
 -20088
 -23803
 -19072
 -32714
 -32607
 -12942
 -7663
 5151
 -21739
 -31367
 -23238
 -10112
 15667
 38
 22040
 18327
 -27792
 -28231
 -24872
 28777
 -16761
 15596
 7236
 13890
 9820
 10071
 4767
 -339
 -15273
 29870
 -22318
 30259
 4242
 -29337
 -9636
 -14488
 16063
 -26779
 -1050
 18145
 8280
 15171
 5908
 12526
 -15639
 -5989
 -24767
 -13730
 1694
 -12234
 16446
 -6821
 26866
 15661
 -13087
 11966
 26250
 -17415
 18512
 22085
 -9371
 4399
 27177
 26442
 -21839
 5518
 18901
 -9712
 -4304
 256
 -2183
 -165
 14991
 5838
 -16508
 -25596
 26525
 20175
 206
 11143
 -22250
 -1527
 -27425
 4797
 30775
 22427
 -9644
 11735
 -18815
 15254
 1889
 7196
 14330
 -27924
 754
 4066
 17186
 28713
 -7098
 4656
 -31571
 -21857
 -4838
 24324
 -23458
 -8402
 -2001
 9047
 30104
 -25686
 31190
 -13824
 3945
 405
 -16595
 30698
 17646
 7378
 21909
 21594
 -6822
 -21532
 -6890
 7303
 -5305
 -3066
 -16911
 -2210
 -17678
 2537
 32177
 18766
 -11466
 -2775
 -7556
 -6571
 -32631
 12742
 2010
 7141
 13617
 21404
 16346
 32735
 17400
 4373
 15357
 -7231
 -11710
 16641
 10784
 -12729
 11616
 21894
 3818
 -800
 -15850
 -9669
 -29836
 31304
 -20614
 6058
 -16304
 -21439
 28975
 2860
 -19083
 24829
 -9342
 27939
 -25651
 -25875
 -23368
 9677
 -22279
 -19062
 -15823
 8196
 -2795
 -7726
 -8753
 19986
 14437
 -14331
 -9498
 19717
 -20820
 8604
 -14094
 -516
 -11565
 17429
 3477
 -29693
 19305
 29623
 28328
 -27751
 31565
 -21148
 -28623
 -13550
 1191
 2972
 -23564
 -21218
 -2274
 -29255
 -21250
 -24553
 -9367
 -7718
 30079
 23457
 19880
 13075
 13810
 9072
 28899
 25722
 -391
 -12090
 12552
 18968
 -24712
 13938
 -6595
 -22108
 -21412
