 -5899
-16122
 -4113
  9359
 23875
 -5857
  2247
-15714
-22407
 -2611
-21877
 28075
 -6964
  2172
 27810
 18740
-22784
  5472
-15014
 27750
 22476
 14113
 23850
  -594
  8173
-18487
-16311
 10151
-15401
 21947
-13250
 -6226
  3835
 18538
-20840
 18769
 18670
 28423
 -4747
  6075
 25419
-30323
-18514
-31798
-21489
 -9158
 -9318
 -2894
-13943
  1872
 29324
-19239
  -301
-14981
 12556
  9554
 11226
 15951
 21865
-13085
-26811
 -4101
  3486
 24770
 13767
 27639
-19311
   223
-24297
 28556
  8955
 -7162
 -2636
-18024
 10000
 12172
-18573
 20414
-26424
-10129
 24343
 24660
   706
-30506
-14940
 -5244
-20238
 29245
-31229
 26514
-10093
 -7830
 23346
 -9197
 26529
 21156
 -6057
-18396
   361
-13109
-21021
 19962
 11837
  6166
   763
  4520
 -9898
-19400
 19814
-17225
 -8648
  7881
 -3811
 10317
  8395
-16998
-27818
-24570
 26112
 23427
-13048
-17452
-17969
-16132
-17517
-22208
-32053
-14790
 21530
 32721
 30160
  8730
 20925
-19400
-21959
  7321
 12415
 31401
-14091
-28822
-19835
  1391
 23147
  3191
 -6851
 31279
  1849
   983
-32731
 -5462
 -9425
 22715
-19600
 -2672
-26009
-21175
-17316
 -3370
 31139
-15068
 26447
   -76
  5501
 -9596
 25229
-24704
 32331
  1111
 13671
  4467
  1617
 20559
  7653
-18274
-16396
 18041
 18651
-24758
-25941
-14912
-13512
 -4697
  7045
  2523
-13925
  8528
 -1131
 18768
-28784
-24239
  5641
 -9640
-24169
 -8211
  9510
-23799
-30742
  -687
 11548
   620
  1182
-17995
  6897
-32109
 12657
 23478
-26554
-16412
 -1126
-21291
 13613
-11869
  -479
 13346
  2888
-19840
 20788
 -2002
  3666
  6493
-21494
-15244
 22561
 -6545
 -2680
-17090
 28482
 -2739
   169
  9188
 12633
 23987
 24709
 32495
-11667
  4347
 -7300
-19652
-13418
 28501
  7453
-11308
  5876
 -2299
-20781
 13673
-28758
-32677
 -8682
-29929
-25792
-29174
 15771
 -2467
-20523
-24118
 -3379
-10773
-30009
 27920
 22964
  9933
 25970
-24132
 -3452
 14081
  8037
 17773
  6277
 28145
-22445
-21416
-27747
 -4332
 26232
-25680
 16849
 -8636
  3166
-10893
  4476
-25127
 -2038
 16898
 16892
-28250
-26905
 25596
 21367
-28051
 17743
-30105
  7817
-29251
  4144
 -9889
  9412
-11783
 -2375
 -5278
 28536
 12756
  8229
-11915
  8680
-29645
-27522
 23346
  1309
 28680
-25809
 23120
  8208
-23710
 -4957
 12545
 13110
-14646
-21937
 -7575
 20030
-25815
 23079
  5606
  6879
-16456
 11524
 -2830
-14076
 14079
 21111
-21063
  6114
 -5516
 24639
 18186
 13634
 -1998
-16532
-21327
  8698
  1650
-23115
-19046
  3222
-13221
 18387
-23319
 -5907
 16547
  8219
 26494
 30909
   217
-22076
-15011
 -2185
 -6833
-25728
  3068
  6912
  8879
 24904
-24707
-28414
  4314
  6311
-17464
 10628
  7859
 28899
-13137
 -4067
  2874
-26368
 13045
-15446
   687
 20155
 30342
 10693
 23303
-14341
-13443
-22256
-11466
-24690
 16904
-25658
-18413
   537
-25379
-15956
-21935
-12462
  -392
-22836
  2247
-16989
-12548
 20303
-30972
   309
-30500
 26182
-29682
   -91
-31122
-32520
-29324
-31252
-18695
 16864
-26882
 12898
 -5214
 31756
 19746
 -4093
  8249
 18494
 -8716
 17312
 18269
 31786
 23799
 25015
 29900
 23709
-20703
 14256
 12946
-17799
-15610
 17313
 -3552
-25342
 -3287
 -1265
-30053
-22832
 12152
-12309
-23621
-12507
  7094
 -6271
 19818
 -2262
-22738
 26336
 27888
-25333
-26692
 10608
 27329
 24929
 -2617
 -5312
-18963
 -5715
 19798
-20570
  4183
 24231
-28384
-21380
  9300
 -9657
 10994
 29776
  3184
  5112
 10336
 25479
  4679
-25052
-22370
-30086
 11793
 -3273
 -6719
  -471
 -9439
 26631
-10545
-20570
-19898
 11034
-17848
  2954
 -3172
-17160
-24875
-10941
-21949
-17462
  9428
-15365
-12857
-19419
-11099
  7424
 -2628
 20555
 -4583
 16222
-13917
 -6214
 30462
 29915
 30274
-18650
  -610
 23741
-20765
 -9513
 26821
 -7641
 15468
 11053
 14716
-15597
  -379
  1718
 28234
-12332
-32208
 19449
-11618
-20854
 10928
-10375
-22632
-32356
-23604
-31987
 -2480
-14268
 17987
 -8411
-20736
 28035
  7080
  8903
-29039
   227
 32571
 10021
 -1415
 11912
  8703
-13628
   384
-20681
-18229
-20783
 -6380
 -1422
-19379
  3590
 24287
 10269
-10801
  5891
-23090
 23231
  3976
 11430
-19025
 -8754
 18005
 18791
 15472
-26959
 18382
-32125
 28324
-32239
  1933
-11652
 -9454
-16331
-14881
 -6454
-11420
 15654
 13576
-11710
 27761
-28608
  8331
-10924
-26463
-32004
 15584
 -4378
 30615
  8515
-29838
-13256
-25824
  6812
   409
  7450
  7075
 20563
-19523
  3855
  4679
  5531
 -2052
  9123
-25335
 28016
 -2625
-30263
-25461
  7780
-21620
 23708
  1592
  -873
 -6355
-16806
 14094
 -5831
  1378
 23615
  2338
 23328
 -8350
 -5304
 14812
 -7305
 11912
 -7443
-20574
 28144
 -4817
  4286
-29674
 32163
 26528
  7938
 -2489
  7934
 29442
-17935
 19294
  1598
 25805
-23641
-19401
 -9588
  -230
 -2137
-26693
-13763
 -5894
 24032
 -2122
 17178
-31541
 -1366
  1901
 13224
  4588
  7502
-18278
 23462
  1804
 19351
-11071
-24623
-17560
  -254
  5772
  6248
  1242
 22055
 23390
 22868
  2984
  3574
-19305
 -1017
-13340
    48
  5148
  1872
-10062
  9654
-30677
  2372
 28722
 -8816
 32398
 -3328
  9916
 -7215
-20188
 -9970
  1147
 16808
 32548
-31806
  1760
 14599
 17510
  9884
-31438
  1428
-15696
-26764
-31209
 17460
-20040
 16784
 29461
-21875
 10843
  4941
 23956
  2915
 32659
 29633
 20543
 20588
 -5036
-25500
 -9670
 21042
  5569
 12333
-17316
 23238
 -7078
-12069
-18153
 -5939
 25656
-17331
   406
 27161
 24442
 -7674
-22762
 18175
-15394
 28575
  6359
-11827
-18653
  2246
 18404
 10620
 -3495
  2338
 -8542
-11375
-21713
 13802
-17216
 18590
 32155
 14358
-14207
 -9164
 26717
-17950
 -7569
-23240
 25020
-19331
 -9355
-15129
-18591
 31203
-14349
 -8733
 26600
 15084
  4244
-25029
 -6038
 23292
-20277
-29904
  5691
  1506
 26555
 21135
  1508
-31386
 15862
 31257
-29415
-12675
-27799
-21030
  6557
 25367
 14465
 30456
 25526
  3421
-21917
-15947
-12118
-22790
-19688
  8481
   301
 10236
 25304
 -7736
 -1478
-24514
 18015
-24227
   333
  6279
-26368
-28666
 -1987
 20564
 17362
  4365
  9267
 16859
 16735
-26351
 32540
 27997
-29515
  1470
-21805
 23535
 -9487
-27441
  5651
-23630
-25034
 -6090
 24158
-25581
  7467
 31073
 28122
 -6610
-19157
-11447
 -5238
 10249
 23650
  -151
 -8593
-26649
  2064
 19268
 -1823
 24816
 29189
 -1306
 -3916
-17280
-19485
 -1720
-21098
-29601
-23154
 22924
-11866
 -3206
-25418
-21405
  1366
-19209
  9247
-16315
-23123
-24701
 25506
  2218
-19130
 17587
  2882
-24012
  5567
 21982
   954
 30094
-14835
 25987
-12493
 12946
 -8446
   468
-28321
-18577
 20438
 15257
 -8139
 18474
 -5581
  6431
 20377
-23216
 27475
-14139
 10085
-10978
-14063
 11066
 26348
-31936
  6108
-26996
  7426
-27044
 -8939
 18880
-12634
   946
  2063
-16972
  2646
 14753
 -6672
-10267
 14716
 21461
  7225
-17492
 25108
 23945
-18989
-20776
-13480
-14671
  5022
 -8678
 31933
 14661
-12620
 23030
   876
-11127
 28215
 13116
 -5930
-18583
 -9383
-16444
 15582
 27853
 22574
  4858
-12901
 17728
-15819
 -2436
  7545
 23213
-19213
  1168
 -2392
 13067
 32407
-18551
  6575
  3260
 10536
 16296
-28635
 12919
 15631
-25129
  -654
 27442
 31842
-13150
 20087
 27798
-32432
-20627
  8318
 -9485
 30209
-23570
 -7736
-26469
  -410
  7482
  3310
-31495
  2256
  3455
-32586
-16572
 -2549
 18653
 27947
-21627
-27800
-13792
 25296
   271
 -9474
 27418
   974
 15243
  8817
-17528
 -7021
 23055
 -3674
-14449
 15929
 -3752
 25859
-12550
 18624
-20424
-23799
-19742
 -9860
 20363
 31446
-25316
-20785
-30714
 -5116
-19310
-21884
  2360
 29693
 21424
 -4711
  5215
 23746
-26269
 26927
  -755
-24198
 30911
-32749
-12790
-27652
 11592
 28649
  9826
 -2815
  9906
-13980
  7687
 19206
-15514
 17566
  -835
 28354
-11160
  -361
-32295
 10443
 15473
 -5872
 -2634
 -6251
 -9417
 21134
 20691
 17751
  8967
 26486
    87
 -8441
 30910
  5259
 22772
-31214
-18947
 -7884
 14320
-18405
 -5834
-32302
-27398
  1056
 -6399
-10972
-18022
-16936
 18431
  9418
-15109
 12003
 32705
 -9188
 -1512
-19558
 -5299
-16599
-24831
-21980
 -3858
 12135
  1411
 21934
 29363
  1207
-26688
 11850
 12493
 18971
 20204
 27628
  2287
 28159
 23332
-19754
 22782
  8286
-27745
 22417
  6381
 -9531
-26811
 -2731
 12773
-30697
 -4971
 31531
-28485
 19554
 10479
 31435
   569
 32383
 29657
  5815
 14001
 17316
-21110
  8041
-17673
-32648
-22519
 -1723
 -1646
 16723
  4171
 31154
 14518
-12546
 -5668
 28801
-18659
 26668
-21053
 13841
 -7698
  1897
 30473
 12580
  5545
  3138
 -4255
-29620
 22237
 17998
 -2551
  8575
-29105
-10937
-24403
-27666
 -6279
 31252
 -3602
-29010
 11754
-23432
 19799
  3590
 12487
-32115
 12902
-19604
  3724
 30535
  -301
  1206
 28546
-18362
-20408
 12785
-19279
 28465
 28232
-14586
-10222
 28772
  8876
 13919
-18122
 -5502
-17192
 15907
-19456
  2666
-26156
-29000
   564
 12173
-29701
 -8169
-31867
  6181
 -3070
-19251
-25708
  8855
-23866
  7964
 16643
-27853
-26861
-25752
 -5826
 20096
 -5231
-10451
  9208
-30486
-23117
 21011
  -460
 -1424
-29835
 11937
 10133
 28787
 -7923
-18893
 -3407
  3706
-31704
  6674
 15230
 -5055
-28952
-19083
 -8600
 12987
 19872
 27385
-29136
  9008
 11599
-10775
 12268
 -8780
   414
 15162
 18502
-31766
-22467
 -8092
   929
 29401
  9256
 24634
 28012
-13359
-23953
  5267
 21027
 -9958
  4567
 17577
-20051
 30054
-20989
-27337
  5729
 -8784
  6366
-11609
-28051
 -1037
 20435
   244
-26110
 21799
 18650
-10959
 32240
 26150
 -1579
-31088
 -3047
-12604
  8755
  2851
 18540
  6415
-11474
-12921
-17240
-15887
-13519
-10357
 -2066
 -1840
  9786
 -6065
 12603
 14416
-28786
 -7740
-22428
-28156
-28569
-15269
-13093
-21975
-12720
-27325
 28029
-24350
-24286
-21700
-22828
 25648
 25330
 12577
-21520
-15037
 16176
   702
  6087
-20277
-11663
 20790
-17205
  -925
-29553
  2310
 13712
-27376
-29514
 13392
 20536
-13606
 21062
 -5976
-16636
  1989
  5821
  8885
-12901
-21683
 10641
 26570
 -6445
-13694
  2444
-17868
 31509
 10671
-25161
 13225
 22997
 14575
-19581
  4805
 21272
-19033
-31526
   545
 13789
  2770
 24563
 29968
  4654
 22406
-21685
 23600
 16171
 22868
  4669
-10768
  9810
 11445
  9028
  8256
 -4449
 20103
-15800
-14954
   964
 10057
 -6924
  4835
 23807
  1693
  6029
 -1188
-20413
-32489
 -7967
-12115
-25974
  9650
  3072
-23277
  6175
 22717
 21829
 17380
  2804
-12037
 22303
 17614
 12960
 18931
-18018
 15175
-21105
 22978
-13764
    57
  1629
-22953
-27341
 13304
-27348
-17278
 13685
-25737
 -7681
 16779
-31460
-11982
 11084
 -5456
 17102
-11774
 -4687
 28481
 10911
 20613
-16779
-25190
-15460
-29521
  9015
   705
 19828
 16731
  5790
 -5966
 32186
 22360
-21860
 21828
 31649
  6246
 12532
   869
 25252
  -928
 30732
-31655
 -7784
-15897
 -6937
-30309
-29884
-10561
-17928
  9125
-16329
-12313
 -4987
 21554
 -3054
   122
 24932
 27959
-23256
-21809
 13188
 -1841
-19985
 30823
 28536
-11767
 23614
  3042
-23609
-18155
 19344
  8372
  5555
 20006
 -4215
 31472
 12856
   846
-27788
-25945
 -5994
-18355
 16096
 28370
 27707
  7517
  8822
 15425
 19022
 -2182
 29627
 -4865
-12222
 -4792
 12244
 28143
 22250
  1964
-27121
 16780
 14065
 -7725
-15572
  2127
 -8906
 18529
 28791
 25558
  -293
-21245
 19817
-15497
 11795
 15706
 -3711
  7152
-21650
-20510
 28326
-27006
 -5436
 -9131
  -831
 -7448
  5709
-24931
-29218
 -9228
 24620
 14793
 28219
-32284
-11942
 -5444
 -1866
 18059
-22190
-30383
 16441
 11901
 -3938
-21867
  1876
-19181
 20515
 26578
  5126
-19436
 26016
 -5642
 25372
 30197
 -9416
-21622
-28558
 17643
 17732
  -409
 20310
  5528
-12016
  8467
-17456
 12224
  5569
 -2976
 24935
 14172
-32332
  8847
 10532
 11107
-19370
-32009
 15207
-14658
 28968
 27040
-23190
 15504
-14350
-23760
-21644
-15652
-22787
 -3337
-14473
 -6099
 10089
-24996
-11419
-23815
-31152
  -455
-26597
-20897
 21907
 24169
