 -17385
 27778
 17848
 32669
 -11956
 12727
 20960
 -15108
 -10536
 -3620
 -13826
 28061
 -18393
 8323
 -24730
 -15531
 -7143
 961
 20008
 26131
 27695
 6551
 -31197
 595
 -599
 13102
 11874
 8072
 30314
 -22229
 30340
 20380
 -21752
 3746
 26431
 -21797
 9353
 18223
 31462
 -2232
 -15113
 -13783
 -25937
 -19970
 -21340
 -30954
 -19112
 27158
 -8581
 -3329
 -2962
 -26612
 -21440
 15762
 5501
 -4255
 -24804
 -26496
 1114
 -22127
 5854
 687
 12844
 -21704
 29171
 -25458
 -14134
 -2902
 8459
 -8775
 -13738
 4983
 -20971
 -25396
 29490
 -316
 24194
 22517
 -16872
 14491
 -24869
 3577
 -27927
 -26610
 -26645
 7352
 13659
 -1427
 -27413
 -24761
 -4776
 31443
 -21497
 31655
 -8744
 9033
 -23866
 6277
 -22236
 -223
 12901
 -13622
 -7418
 9725
 15232
 9245
 10009
 4497
 9790
 6938
 26105
 -29454
 -6219
 449
 13315
 28868
 -11357
 28407
 -22851
 -14939
 1068
 19646
 28980
 -22594
 11537
 -1433
 -18482
 -23033
 1635
 -7954
 19879
 -32136
 3367
 8675
 23013
 -26034
 16505
 14006
 -29301
 -13238
 -8163
 1872
 -2167
 -14362
 24895
 -3322
 11813
 -24971
 -29440
 11567
 6239
 -9693
 -7575
 -2842
 -28285
 18642
 -9365
 -22747
 -10612
 -15008
 25922
 -25783
 -1287
 -22080
 26938
 3576
 32499
 21971
 -23457
 7173
 -6137
 -26638
 -9483
 -30728
 -28794
 2836
 7887
 4733
 4042
 1341
 6515
 27186
 24518
 -12045
 -22347
 10842
 -5227
 22048
 31229
 16918
 -2458
 4719
 27642
 1217
 9733
 15932
 22535
 22025
 3827
 19703
 9501
 -27112
 21797
 -7168
 10431
 -9261
 223
 20927
 2528
 -11407
 -868
 -31550
 16116
 -25070
 21693
 -26833
 -32053
 26166
 19303
 20601
 -22546
 25530
 -1584
 28034
 -21676
 -31926
 -20715
 -4726
 -16256
 14698
 -30939
 2046
 -20534
 12849
 21856
 -25052
 14219
 -21730
 -9804
 10472
 -4462
 18429
 -28034
 -20681
 18678
 -20262
 27372
 -6114
 -4854
 313
 -13810
 -11985
 1217
 4619
 22936
 16374
 -2090
 11401
 -10909
 -7455
 -15809
 18576
 8324
 -3863
 8775
 11896
 -7182
 22388
 -14448
 2540
 -1095
 -29146
 9274
 -8550
 25225
 19463
 -15512
 5818
 548
 -28362
 22959
 21404
 -4746
 -7798
 31535
 -24531
 -16567
 -27227
 11939
 -27887
 5380
 14128
 9112
 25684
 -2516
 3364
 -16547
 23830
 -30953
 -8553
 31399
 -28686
 16153
 -12227
 -11148
 15236
 846
 -5246
 -14320
 -31243
 8791
 -23660
 -8684
 25012
 2396
 32245
 17835
 13143
 20396
 13119
 5918
 4237
 -32281
 27463
 -18170
 -1468
 -2186
 7728
 32123
 1497
 -24490
 -10234
 24406
 -15760
 10352
 -5623
 -26105
 17555
 -13039
 -26339
 10669
 17112
 16891
 -2465
 17291
 12821
 -15912
 -15561
 8757
 -27722
 5965
 -13237
 -3749
 -16614
 -6079
 -23997
 -8531
 10839
 -32125
 23929
 11973
 27516
 -15875
 -19048
 -21927
 -11362
 6199
 -13741
 -30792
 -6970
 -5770
 -9485
 -12156
 -27452
 -16127
 10063
 -8074
 -15240
 -25246
 -21443
 -8168
 -32509
 -11818
 14741
 32723
 -7016
 19826
 -14549
 9358
 20376
 2563
 -15755
 17873
 -28649
 29545
 -31866
 4528
 6036
 4404
 26749
 1518
 -27076
 9089
 6412
 -18230
 -4583
 3345
 -16604
 22881
 30243
 29598
 -4040
 -29733
 -22941
 13954
 -12202
 -4316
 -13734
 3777
 24266
 -21645
 -4613
 27037
 -12567
 16333
 -24133
 -398
 -6681
 16272
 -31158
 -8981
 -25121
 21227
 -9099
 -29388
 1752
 2771
 22932
 891
 28957
 21988
 -8946
 -2938
 12985
 25413
 706
 1400
 -813
 28168
 -21958
 -22796
 -3671
 -6284
 -17785
 -17967
 -32328
 15033
 4561
 7048
 12080
 2518
 -9322
 23976
 -4472
 -4488
 6223
 26935
 4187
 2263
 31413
 30316
 -18751
 16648
 -6644
 7825
 12448
 14894
 -15102
 -11161
 -23100
 5859
 25557
 31133
 20233
 2671
 10096
 13513
 19683
 -20481
 10834
 -18496
 26308
 -23748
 -31654
 8537
 15854
 -14116
 -31160
 -22538
 -19879
 30624
 46
 -22495
 -18766
 -32106
 22222
 2619
 20565
 -13397
 -4696
 -11852
 12829
 32056
 14100
 -25453
 -5274
 15273
 -28929
 19670
 6227
 2397
 8362
 -18651
 -18673
 32524
 -22056
 16860
 -16977
 -3561
 -7287
 -12241
 -24124
 -14678
 32359
 4567
 20208
 -11970
 -22192
 -25368
 -6031
 -2781
 11449
 18388
 -31968
 24278
 24951
 18699
 -203
 15750
 -28896
 -3998
 21732
 -7943
 -27409
 -28739
 31891
 5742
 -15382
 -17644
 25079
 2187
 18740
 -32160
 16747
 240
 -18632
 21119
 6187
 -24502
 -12918
 -25938
 -32411
 25824
 -25227
 -25154
 -28740
 -7440
 9870
 -12954
 -11185
 20390
 5792
 -10044
 -32673
 -23265
 -12447
 -15657
 30069
 -6292
 -20206
 -14730
 19484
 -27912
 26940
 31518
 -6863
 -15007
 21593
 -27991
 -24512
 -3354
 -25970
 25009
 30388
 10800
 -21861
 -21510
 -7134
 -27570
 12148
 -2927
 -12146
 7577
 6203
 9438
 20527
 7258
 -17820
 -884
 -2972
 21599
 -12617
 23384
 31804
 -11299
 -1794
 -29731
 9539
 25434
 21437
 -17275
 25994
 25677
 20168
 -12883
 -738
 -10499
 30272
 -14940
 22000
 -14961
 -8036
 2604
 -21932
 -20206
 14743
 -1772
 31534
 28922
 3225
 -22712
 -28498
 26630
 -2841
 24227
 -11422
 18076
 -14153
 -9364
 19398
 28431
 -12068
 -25164
 -2813
 23318
 -2353
 -17052
 30663
 -28728
 15437
 -25182
 -20582
 -26752
 -23233
 -13655
 -21781
 -7649
 14356
 -5946
 3573
 2108
 -20232
 -25274
 -28791
 -9965
 -31269
 6286
 1779
 11480
 -491
 2218
 -16354
 -6374
 -3807
 -31920
 -21859
 -27674
 6890
 22510
 25606
 -1446
 28758
 -171
 20600
 20167
 3225
 12359
 -29377
 24314
 5201
 8091
 23944
 -5560
 -23471
 -17990
 -25125
 3363
 -14657
 -2138
 16801
 -25685
 -20277
 15747
 27285
 -19612
 5056
 7488
 -11023
 31937
 6586
 13295
 19558
 -2994
 20804
 8932
 23612
 -30064
 15554
 -29059
 -6774
 27160
 -26779
 22608
 15053
 -10398
 18749
 -14113
 -13372
 14589
 -5706
 6026
 -12682
 -5263
 -5563
 -18914
 7929
 7100
 12971
 -32724
 26253
 -7577
 11784
 -21628
 23750
 -25027
 2991
 -32534
 -25714
 11328
 7569
 22093
 27034
 -207
 25222
 20887
 -9486
 -9384
 24894
 2900
 2470
 -8101
 21810
 -30457
 29132
 -30616
 31598
 6832
 26507
 14727
 -19424
 4175
 19598
 10101
 17889
 19042
 -26178
 23631
 -15673
 30489
 17944
 17778
 -2720
 -1257
 -31613
 24588
 8978
 -368
 -31281
 25485
 19925
 23238
 -10542
 30361
 -4924
 1074
 -8576
 -2896
 -12203
 -25735
 6493
 -22375
 -436
 -29334
 -19728
 27513
 -7872
 11359
 21935
 -19748
 29913
 -3566
 368
 6678
 11880
 7056
 23681
 -28843
 -666
 19589
 -10912
 -6244
 9274
 29655
 21453
 4356
 -26228
 546
 10474
 -6895
 23470
 -13983
 -24431
 -25509
 -1500
 2607
 -23642
 11370
 12019
 13527
 -11943
 21306
 -21044
 -4586
 -17280
 3573
 -16290
 12584
 -25770
 -12051
 30427
 -14927
 -21378
 14520
 -26177
 -12444
 25372
 -24063
 -10374
 6448
 21200
 13025
 1205
 13991
 30119
 22842
 12792
 -32489
 -10658
 -32474
 4370
 -26940
 2282
 -7570
 20666
 10669
 27289
 -9989
 -16827
 27337
 21490
 6303
 -2633
 -12827
 -30005
 -7769
 -21544
 -9838
 -25175
 -22230
 -6631
 15315
 -11066
 -29428
 -18808
 11410
 -19731
 -27282
 31132
 7159
 -18954
 29640
 21753
 15786
 16153
 5067
 15993
 27808
 -9011
 20502
 19902
 -23786
 -9444
 19703
 -16666
 18713
 -4860
 5783
 17528
 -20763
 -14799
 28411
 -24726
 28735
 -32319
 -9620
 4933
 -30209
 -16293
 8631
 32032
 -2311
 -30638
 31638
 -14929
 5663
 22288
 -24551
 -19036
 31706
 14388
 -13013
 17062
 3863
 606
 -28660
 206
 -7904
 -5840
 -18587
 383
 32357
 27644
 -19613
 -15190
 32682
 -32081
 -11118
 707
 4817
 28574
 -502
 22696
 8149
 -29320
 15805
 10141
 -11159
 -4619
 23917
 -6044
 -22684
 24487
 20515
 18398
 -30283
 29052
 -13705
 25275
 25327
 -19388
 20452
 8193
 12466
 22025
 13498
 164
 24258
 27196
 22350
 -28759
 30056
 10159
 27376
 -10892
 31844
 8329
 -6833
 4987
 -29143
 -9551
 16029
 -31506
 -29720
 24273
 14853
 7112
 -28136
 -16272
 -21444
 -2823
 2569
 4593
 -14025
 -16264
 27578
 5017
 -31383
 28324
 -13980
 16751
 17743
 -19832
 18430
 21567
 5188
 -23697
 -28652
 18976
 17340
 24087
 25880
 -10234
 -13005
 20207
 -7361
 -1759
 18646
 -20079
 23921
 -11721
 -17818
 -1330
 -12961
 16611
 -6834
 -5914
 -9413
 9315
 21201
 29832
 5765
 -31858
 -23124
 31205
 17230
 -7658
 10715
 9595
 11220
 -16598
 17123
 -32655
 -3155
 4753
 -18642
 -31372
 -2991
 32761
 14082
 30795
 1125
 -416
 12702
 -5430
 12804
 26033
 -7577
 -6410
 -27699
 22278
 6427
 -9682
 20297
 32029
 -13013
 5952
 -27364
 -7545
 6313
 24791
 7005
 6477
 69
 3625
 -12982
 3105
 27983
 13563
 -10776
 28960
 -23775
 28051
 -20991
 -18356
 -22669
 -11965
 15281
 -23371
 22316
 3671
 -24908
 -10022
 12041
 -26565
 -8041
 20859
 19418
 -3948
 -6791
 6295
 7699
 -13122
 3589
 7904
 -6220
 -8431
 8429
 10994
 -3446
 24396
 -504
 -20655
 27942
 -698
 -30392
 -6810
 28906
 6705
 12562
 -16112
 -32476
 15288
 2736
 -18595
 1015
 -27971
 -16558
 10357
 9762
 -17742
 12689
 -10651
 29301
 -5538
 17357
 -32305
 -14307
 -11353
 4452
 30948
 -1412
 23412
 -9874
 10021
 -144
 3530
 19995
 2735
 -14385
 24599
 -14182
 -23348
 11938
 -14824
 15865
 31988
 22169
 -16068
 -27359
 19220
 25697
 -5555
 21764
 32645
 -19092
 -31983
 6789
 -3866
 -19095
 10724
 -31866
 -20608
 7821
 -27440
 -17836
 -19968
 1126
 -10455
 -8524
 -30380
 -8932
 3387
 7741
 -3822
 15300
 22943
 702
 -32369
 -26128
 12273
 -28691
 -28245
 14354
 19323
 13939
 22603
 -29370
 -18069
 -15926
 -26378
 8821
 -12330
 -20079
 16295
 -30963
 15445
 -8940
 3636
 26890
 -5739
 16453
 -1536
 -29857
 13569
 13592
 24299
 -25941
 8097
 5912
 17223
 20285
 13852
 14908
 1835
 -15262
 22367
 -25178
 -28501
 30009
 -9869
 -18616
 13701
 19879
 21629
 -4774
 26315
 21363
 -2005
 -31348
 -1381
 21341
 29962
 28196
 -27080
 -17109
 3633
 -31358
 -19855
 20305
 -25126
 12670
 -23714
 -7445
 -22728
 18518
 16290
 20636
 -15197
 -18858
 -17562
 -976
 10646
 7357
 32502
 -13577
 5248
 -30942
 -10243
 26315
 24222
 5490
 1351
 -19447
 18316
 -25199
 6950
 -2061
 -10015
 -32126
 13058
 -27304
 18718
 -5765
 -27136
 -9001
 -29941
 -6478
 -10430
 25453
 -24348
 6639
 8822
 -32026
 -28769
 13491
 30349
 10353
 -12137
 20794
 -14661
 24945
 -28187
 -28499
 1091
 -24727
 -1679
 -14605
 16470
 5438
 15918
 10169
 -20312
 -30772
 -26806
 -4220
 -26043
 27119
 -24043
 -10540
 -22761
 3263
 -26128
 -8324
 -24323
 -13973
 6517
 24970
 -23432
 4488
 -11882
 -14171
 27099
 -16949
 -4712
 -20368
 24541
 31499
 25534
 -30300
 -4992
 30612
 -1429
 17494
 -22580
 19303
 -4721
 -31009
 -27050
 32087
 28723
 26335
 17444
 -23176
 -30582
 -1587
 -17612
 24779
 14779
 3829
 -1901
 -26341
 -22489
 12977
 -31229
 -4978
 -1016
 -30734
 -30298
 23465
 7068
 -2590
 4766
 -2932
 -15706
 -18187
 10029
 -10835
 779
 -19890
 14575
 -8558
 -30460
 11799
 29028
 17716
 6487
 19353
 9929
 9514
 31570
 260
 18968
 30178
 1736
 4779
 -27808
 -16290
 99
 -30387
 -14529
 21638
 -18510
 -31727
 19236
 21140
 22695
 -13251
 15715
 -23900
 21795
 914
 -28824
 19593
 -17760
 14239
 5133
 1589
 -940
 8832
 -21863
 21777
 16
 -20702
 11288
 -23399
 -22403
 -15413
 -1947
 -26933
 23404
 -31222
 -13482
 -10853
 -28357
 -4482
 -32219
 6591
 32242
 15518
 -30773
 24458
 -3899
 -4625
 28238
 -2264
 -6260
 -15537
 -20375
 25030
 -16862
 2874
 25037
 -12954
 8878
 -29016
 -30665
 28692
 7686
 -19087
 16389
 16104
 -2755
 9738
 -18183
 21131
 31181
 18023
 -267
 22108
 24907
 -17715
 -2409
 14143
 -32268
 -18221
 -27893
 -15045
 -16346
 -4318
 17344
 9577
 -18924
 12142
 -18418
 9896
 -32536
 -18126
 30162
 3640
 24221
 12632
 1164
 7935
 -16275
 21150
 17136
 -14957
 11928
 -17043
 26659
 2001
 32575
 -17704
 -6438
 -29669
 -22595
 -9849
 7100
 -11508
 -11095
 17884
 -19948
 1251
 -16029
 13673
 -19427
 -11814
 -17898
 23804
 2597
 -26037
 -22220
 20459
 -18411
 29150
 -9559
 22005
 -11386
 12203
 -19701
 -29003
 20721
 -18356
 -6923
 -23223
 -18807
 -21088
 15613
 26661
 11419
 -32535
 -27227
 -9619
 14643
 -7231
 -23915
 -18684
 7859
 -13554
 28015
 -18952
 -2221
 -30789
 4468
 22595
 -24806
 22606
 7518
 851
 16227
 15109
 -2308
 26057
 30606
 -17582
 4670
 5882
 27372
 -2907
 -17896
 6719
 -32460
 632
 10472
 16058
 -9038
 3871
 -24968
 -14185
 -29261
 -23820
 -19602
 -10307
 9681
 1686
 13608
 -25469
 -28578
 19678
 -5308
 7547
 -9085
