 -25355
 -1784
 -24825
 16925
 853
 26243
 3389
 -22635
 16488
 13174
 5283
 12144
 -22351
 -10203
 25651
 -7558
 -14053
 3775
 -4679
 2486
 -16185
 -2392
 14137
 28268
 3001
 10168
 6080
 14539
 680
 3997
 19922
 23383
 19
 4104
 15369
 27960
 2015
 -4830
 -6269
 -6391
 -597
 -22398
 3878
 29586
 -18519
 17193
 -29461
 24722
 -1165
 17529
 -994
 18406
 -32419
 -3136
 -5614
 9943
 6970
 18890
 14729
 -25395
 -5026
 -15611
 13506
 23928
 7246
 -5058
 -1541
 9518
 -25211
 -4872
 20393
 12286
 -25132
 17451
 -14132
 -13337
 17956
 -6147
 -15558
 12567
 -13437
 -15693
 5742
 2708
 -12146
 -4106
 -15495
 -11637
 -3233
 -16335
 3331
 15747
 -3146
 -3416
 17273
 -28546
 1071
 -11764
 4483
 -29723
 16380
 -4391
 -18470
 -3541
 22153
 22176
 7968
 4765
 -16309
 19390
 -6831
 12087
 20760
 -2882
 6953
 -25990
 17210
 18588
 -1653
 30029
 -26176
 -24376
 -11865
 25510
 551
 14393
 -10613
 -17147
 -12153
 10475
 -5399
 -5841
 5840
 27004
 17290
 -21822
 -7336
 -19860
 -27028
 572
 3830
 -25243
 3008
 15446
 19034
 2163
 -32046
 10336
 25993
 9072
 5782
 -10404
 -12457
 14768
 -9811
 11939
 -3391
 -5070
 -6713
 7414
 -10235
 330
 -32665
 18234
 26875
 -3125
 -32764
 20508
 -1365
 -5425
 -233
 -279
 11871
 1324
 3213
 -11620
 9066
 19122
 29453
 -866
 1291
 -11270
 -5294
 -3869
 20407
 3059
 5429
 9110
 32576
 -11129
 19421
 -30548
 10249
 -28442
 -16077
 -19097
 10427
 -10838
 20835
 1609
 21074
 -2710
 -20421
 -401
 -2217
 -12883
 -24329
 3190
 13539
 1838
 24269
 740
 -20483
 -16811
 -1187
 -5377
 15848
 6457
 31750
 9024
 6728
 -20705
 -17844
 3468
 -9089
 26677
 -17970
 -1563
 12238
 2447
 17081
 22416
 2353
 2113
 -16634
 9589
 14022
 11376
 2261
 8862
 -21150
 4430
 -2495
 -16238
 9524
 17890
 3765
 27009
 -6177
 -25478
 -18736
 -6624
 5131
 -14911
 -18846
 14561
 15470
 -14692
 -9213
 19735
 -24688
 12316
 2074
 5286
 27781
 10599
 -9406
 1779
 18137
 -5315
 -7518
 -25940
 14059
 20622
 -11964
 -22425
 7194
 -5165
 14193
 -7604
 8839
 3318
 -226
 10679
 6651
 9501
 7623
 -17385
 -7778
 -8330
 -6363
 30627
 -25473
 -13494
 18861
 18875
 19625
 -9904
 17813
 -9764
 -9968
 8975
 7887
 29643
 -7834
 -26482
 -7908
 6933
 -11951
 -10658
 -3989
 22999
 6732
 7948
 -11421
 -1244
 -11807
 -19276
 60
 -9403
 -20331
 6349
 -13537
 -25780
 -4399
 20742
 -12972
 8409
 -2126
 -13352
 21224
 3906
 -5365
 -5428
 -8293
 30750
 -8882
 31011
 -27036
 -16544
 13799
 -380
 10793
 -20912
 -23127
 -29224
 5918
 -10016
 -7109
 9242
 11155
 -29514
 -5262
 -15004
 -8227
 8249
 -555
 7062
 7758
 -24329
 9502
 3036
 21953
 25639
 -5028
 1149
 -4070
 -3327
 1083
 -12630
 23495
 -2802
 15031
 5234
 8702
 -7835
 13107
 11271
 18360
 -25774
 -18734
 -9836
 6628
 -5397
 9285
 -29302
 4951
 -4637
 16705
 -10233
 10457
 -11728
 9847
 -1426
 -5439
 -8416
 4710
 -2926
 -29168
 -14762
 14605
 14360
 24689
 13160
 28564
 23273
 -23321
 15357
