 10124
 -15670
 -1884
 -32547
 -20205
 5471
 -20697
 3337
 -4828
 -31
 -4021
 27382
 3771
 -209
 -9507
 -5024
 -5609
 -10437
 -12111
 831
 8614
 -15145
 16123
 -5886
 16352
 29304
 -16212
 -21562
 -1034
 -11150
 10731
 17133
 749
 -2704
 -11053
 19772
 -13722
 -13578
 19231
 -9147
 -31075
 8808
 -1078
 11774
 6299
 -2686
 14745
 8841
 -7493
 -351
 2552
 2273
 10927
 13932
 -12718
 -3667
 -13068
 28378
 12534
 4801
 22933
 -5873
 -21960
 22716
 11126
 5134
 30327
 25371
 30292
 -31684
 6724
 8366
 -3333
 11958
 13277
 7058
 25115
 22686
 -750
 32105
 -14460
 -22136
 -1617
 -2767
 -13061
 17093
 7941
 -10530
 4985
 -11989
 15524
 -1366
 29665
 16609
 -12218
 -13617
 13266
 15278
 7868
 9575
 -3957
 1522
 -2766
 9596
 6365
 16205
 -9200
 30659
 19741
 1444
 -2735
 2678
 -688
 -10847
 8230
 -4182
 6007
 21819
 11313
 -18820
 -17387
 -32607
 20292
 3741
 26471
 -23280
 21005
 2557
 -12225
 2413
 5525
 1372
 17376
 18505
 9044
 9698
 -6663
 -5422
 -22422
 -12249
 -8908
 431
 10058
 1126
 -1712
 -5675
 345
 3720
 -3576
 -5381
 24
 -4994
 4640
 24832
 -3982
 -8399
 -23900
 -7653
 -9808
 1843
 -17841
 28879
 7916
 -11634
 30461
 11012
 11246
 12701
 -24647
 -6600
 -4036
 -13664
 -2530
 21231
 10638
 785
 23015
 22947
 -2900
 3084
 11732
 2580
 11788
 16927
 3858
 -12976
 11634
 5762
 -24537
 -15577
 -3010
 -12209
 10386
 -32582
 9080
 -3542
 8237
 17589
 -615
 8711
 -9922
 15950
 -11055
 -2794
 2201
 12239
 -7672
 306
 27573
 -333
 -21334
 19851
 -31077
 1319
 -1597
 11632
 16992
 -1364
 3366
 -2386
 -18702
 -7925
 5513
 -3268
 20784
 9493
 18677
 -13777
 -10704
 -7455
 13008
 -3432
 -14341
 -27554
 18342
 20401
 -12599
 4273
 3554
 16752
 -20393
 -13587
 13634
 -7497
 -4455
 -14107
 -16432
 1654
 -10264
 1105
 2997
 -6884
 -11472
 -11218
 -15662
 25821
 12697
 -4720
 2893
 670
 -2590
 11926
 -6766
 -11967
 3913
 -13505
 6385
 -28556
 -15244
 2569
 1448
 25140
 -28853
 -9769
 11496
 28204
 -13232
 25020
 29175
 -32757
 6057
 -17591
 -23634
 -19583
 23173
 9465
 5625
 30538
 -11713
 -7742
 1842
 21010
 -27685
 -20931
 -30452
 -4431
 2008
 -15273
 8510
 14099
 -5470
 -28100
 4515
 493
 5753
 11329
 6619
 -859
 9696
 -15136
 -8945
 -8081
 850
 -2563
 -1044
 -3347
 12454
 12480
 3359
 14136
 -2684
 -1534
 -15373
 -16446
 -3321
 -5186
 11379
 8466
 -9450
 -15789
 4222
 -16881
 -2051
 12157
 -1767
 -12363
 22241
 12426
 -516
 2059
 -976
 8464
 -464
 -29024
 8306
 -5853
 19547
 -15305
 -3315
 4814
 -5138
 3206
 -5973
 8557
 5908
 1506
 7088
 -2383
 4544
 -8824
 -4742
 -475
 19101
 17875
 9121
 2606
 6293
 -688
 14127
 -4485
 3533
 5139
 -29993
 4605
 -10094
 -10121
 14471
 1385
 9860
 25159
 -6412
 29395
 18284
 9059
 -18656
 10164
 -29879
 16992
 24513
 13033
 -5218
 6648
 -3325
 26523
 4961
 11251
 -25071
 8537
 10411
 16801
 -14242
 5819
 -14333
 18857
 -889
 -20053
 -22813
 -509
