 23525
 1076
 -2449
 10198
 -13412
 -4324
 -15855
 18981
 -13818
 3857
 -6224
 19935
 1601
 -4758
 -1739
 7312
 -31
 3922
 6816
 -9660
 -22
 -14224
 -12525
 27428
 3731
 16545
 5893
 635
 15720
 3817
 -2747
 18680
 -13120
 20550
 13838
 5868
 3242
 7778
 -2738
 7370
 6521
 12443
 4560
 19632
 -473
 16205
 23120
 29476
 -30502
 8661
 -6324
 4017
 -8057
 852
 -4367
 9824
 -10996
 -13283
 -11652
 -10161
 -15447
 -2436
 -2395
 5306
 -13117
 14854
 2983
 15507
 2073
 4581
 -2945
 29207
 15972
 -6109
 -2374
 -1879
 -19939
 -6022
 12357
 6070
 -11517
 -254
 -235
 -154
 2255
 -14429
 -11260
 1572
 22502
 -14391
 -11237
 4670
 -16521
 -12505
 21407
 30661
 -27163
 -9074
 -16943
 9234
 3745
 -15570
 -16525
 13357
 -10269
 -5325
 -12087
 16264
 -9660
 -18143
 926
 -175
 18699
 -21229
 -1513
 13306
 -8536
 -9369
 2786
 -477
 -9613
 -24714
 -14822
 13563
 -18566
 -6322
 2994
 -17143
 -16265
 5441
 -6997
 12593
 -12322
 7524
 9468
 -5891
 -22801
 -1821
 8902
 -8317
 7164
 2290
 10916
 2016
 -11380
 -7209
 -10834
 -16506
 22
 -24059
 -15309
 8220
 -25255
 2415
 -24671
 31864
 -29113
 -7666
 16663
 12514
 -8184
 -9472
 5240
 -21097
 14711
 2286
 -22451
 4373
 29894
 -27813
 32528
 7754
 -13508
 23892
 -22850
 17019
 20491
 17333
 5778
 19530
 2293
 1884
 16549
 13919
 -16527
 17713
 1528
 7815
 -9145
 -558
 7670
 -9322
 -31374
 -1050
 -3998
 71
 -30890
 -6209
 -1430
 1038
 1087
 14899
 14887
 -12725
 -14433
 1706
 1544
 21609
 -7187
 10910
 -2282
 18677
 -16815
 -3754
 8638
 25877
 -26519
 -2183
 -3787
 -2526
 14543
 3900
 -27825
 -18012
 -15917
 6120
 -4214
 29335
 -21249
 -8723
 8031
 12574
 28443
 -2009
 7710
 -2677
 534
 -440
 10578
 -12990
 21490
 -19192
 517
 -566
 7701
 -6334
 -3702
 -7607
 -2625
 6359
 20381
 -22907
 4164
 15596
 -12332
 10509
 -7711
 -227
 -7461
 1951
 -3688
 -6689
 -4563
 25352
 -8573
 7327
 7119
 3532
 11711
 9709
 -13798
 -27027
 20933
 3854
 -15397
 13667
 -8807
 -7316
 -11082
 17496
 19174
 5847
 11650
 -17794
 -6426
 -10017
 927
 12466
 32248
 -28553
 -25102
 -1261
 -2376
 -21712
 -24287
 1968
 -26700
 5745
 7467
 4656
 -950
 4570
 -14364
 14242
 -23872
 123
 18148
 -394
 17099
 20683
 9525
 -3786
 -11614
 2848
 -4861
 -9315
 17763
 -7870
 -19955
 31608
 4359
 -19306
 -14036
 7410
 28136
 3088
 -11133
 -3426
 19822
 5932
 12587
 2798
 4994
 23495
 11497
 -2056
 17094
 12182
 10688
 -9461
 14294
 9860
 3701
 -2001
 -1670
 -27248
 -17674
 12023
 -23996
 -16438
 9467
 -32695
 -10558
 -15938
 -7286
 23040
 21578
 1096
 17682
 -11176
 19678
 6024
 3672
 12459
 3587
 14450
 14943
 5057
 -21014
 -4970
 -16307
 30581
 -26240
 -26947
 682
 25935
 -1824
 606
 4199
 -14118
 11258
 22410
 -4820
 1631
 -8126
 6703
 11316
 -7405
 -7027
 -13214
 -6775
 -7886
 -14619
 -21400
 -7751
 -19639
 4216
 -3393
 -21175
 1261
 29788
 -23564
 -16397
 -9342
 -9694
 -5787
 -22263
 9258
