 383804550781
 70884853722
 -219243473544
 198876298625
 97995732035
 25846487884
 -345091884323
 -70114440012
 474193936166
 -474851293369
 116225417407
 210276575605
 -80928949646
 -130763201111
 34904203366
 -64119203847
 -224379594768
 -257380689393
 124443711750
 -439654236454
 -324721962128
 126859142535
 364814849781
 -60875900103
 -386063668508
 242364217810
 -77749854946
 205995001685
 269230937497
 180641842262
 -199641600423
 -129796333966
 -141681707600
 -270416111485
 221646132094
 312766007302
 -250388247789
 -341250706908
 -174203525512
 -340603837326
 288204682074
 -107659609450
 462499132607
 -31726568283
 10699539034
 431943435401
 143442218202
 -32901212378
 -84820932169
 207375399725
 368152987271
 224732212850
 162382317231
 109092465308
 73995289423
 -123913724162
 449739445309
 113868341120
 222644207231
 -321246819892
 253091031163
 199071702014
 -97287771327
 -55879657782
 247264461184
 -7408332408
 277164064584
 102187232174
 113960914508
 -79287485170
 279146942007
 403315648644
 -153076178161
 257707219587
 -158947363651
 534314093512
 -374506944575
 -217683080885
 15385642775
 497459242688
 -23914449801
 336260623903
 -32550037871
 7587747610
 -295908499887
 1816009991
 430118534801
 -10788068146
 102921591240
 -193073312484
 342274365022
 446239858075
 18515688517
 -2195544896
 138610750717
 56638833611
 290988400491
 -198524960548
 -8544251191
 383221014774
 -309265940888
 -379886595647
 337531796727
 -479536103554
 469760814243
 446566281068
 -349741048760
 122386936171
 -118810921737
 72210437054
 -410997469051
 -61930670390
 -259117232107
 -143698459317
 -3697060994
 -199765911940
 250978456781
 -58354497233
 110221553928
 -142238731282
 89768330291
 -537012125006
 -450428411169
 212309773424
 -224779972374
 476657323938
 -309029691464
 -191848221294
 -174050756782
 299453406073
 -56850439346
 217039777564
 144090458545
 9370880052
 192967225019
 163191895263
 370998449160
 -268009969705
 56250001786
 38826825321
 9301137403
 153393991600
 -83102328395
 180248863836
 -175874159411
 -63877276808
 -107502703706
 -76918000833
 -81132634170
 205870524663
 -119199782732
 170212484438
 -274715928115
 131046483784
 163295028863
 138013904936
 -371904675923
 -165491772359
 -41950496283
 217351386794
 23808575101
 -40734258453
 -2971790715
 -118639569448
 -370785344730
 311779815202
 -139753973693
 152587449871
 79487596843
 506484812009
 173614963839
 157956978845
 -289843434256
 75332796263
 -362251652015
 6715504118
 277338413021
 178255632252
 178635492504
 61657098544
 -19747839781
 93608869430
 -242003529290
 -71879105188
 -95417441140
 475214889835
 -402067431904
 -244883623846
 -482577733062
 -362047319005
 -169306483533
 329109749057
 -171297777094
 54275465223
 -324735660895
 -123174576205
 -252032321986
 7826156028
 -128113633192
 203666892687
 -142813783234
 294511658018
 169887484166
 -114483424781
 83178410991
 -85126991717
 -20286587168
 -332531519265
 17161387029
 30327013980
 197882515335
 -80548132150
 21253985136
 -18633596872
 125033875119
 -9319925096
 -40883313831
 215347981427
 479336638408
 -42852922872
 -293744054297
 98383399900
 328245475614
 -72792082773
 -4558403121
 -27741186856
 173022568743
 199020380410
 85390252777
 118563171519
 230911064446
 264243155278
 73275061180
 -220089983177
 42005549628
 -215579767905
 25999874614
 -50698105645
 74669200355
 -214464296323
 404424602926
 -482659300336
 -447217111170
 -266529104147
 -52193704627
 35757878201
 46296611672
 217529021606
 -27384681245
 248934430153
 196845643902
 283730159331
 317892812923
 275332224646
 -49864222077
 -242499541873
 66028440301
 -459802337468
 -26111927468
 -313654040228
 -32759018936
 144824497102
 -110355145117
 -73827570114
 460470569649
 -430688243607
 -232716166757
 -203191180132
 302007204057
 -172245759012
 127792903414
 151104207817
 -440933604687
 96458475476
 131904469758
 260756217573
 -241142430394
 -108689566614
 399876152180
 -306421026761
 350053979315
 -400068755053
 162991212261
 -285996458963
 192699165872
 -183048742731
 -348149526184
 202380779675
 91760571162
 353399927494
 -212975427220
 46015654263
 -31849043764
 142449886162
 272540878214
 -172483830850
 19235548015
 -8869719030
 -358339457525
 -288471401331
 -311260507292
 3715652
 -504261697725
 336877585960
 185804774127
 84518689031
 216616854355
 277057277399
 322534110347
 448970141577
 -452643341794
 301977000831
 222004094087
 -20856035618
 -66706401364
 65532111322
 374093728038
 231521651857
 -105080642875
 176190533188
 516737616427
 -50239384071
 -256745408552
 -159602436139
 154969782508
 -53060047100
 -115834375734
 246217237547
 -139079654467
 523921609625
 -220065640287
 56715576565
 -84647678261
 -344211683310
 526493682026
 367775293965
 108843362279
 -161861190701
 162023507174
 -152140017681
 -255678479934
 -87558780799
 14163169987
 6257031254
 414060323355
 296072365411
 18564023394
 -532075948603
 36714543915
 94205024976
 -159126711877
 -204229057222
 -347087111926
 388401880067
 -258400768200
 150691552996
 250890694546
 -75813367547
 98062105129
 -87454530821
 -129433254500
 -250711748400
 106741321593
 -420101535427
 240283840583
 -39879655739
 -237837755137
 -227909985527
 -98978910460
 254923727384
 222107441414
 -393082931094
 54365808732
 510146747318
 -450195369566
 -509807834604
 401819365390
 117961523263
 -464154233642
 -197832759054
 233149498086
 528646699178
 -310986165761
 184023048361
 102165384266
 -475005009127
 -225651258007
 108784786206
 -426741034613
 293600460062
 -393985514647
 151177153673
 -170579320573
 100613865857
 107453650512
 18218278248
 339522903397
 132043180825
 -111351805159
 -293747746168
 296267726063
 -461760975449
 272248678565
 -175206533706
 296815145959
 -305356745998
 -58489301027
 -257941660642
