  234634829532
 -143170562965
    6083347410
  235571249292
  -31934548647
 -277172637804
 -261919331683
    1203662529
  255645735624
  -48867068560
  151933260568
  147476236486
  -55331427146
 -504288322569
  205603310028
  -43056003007
    9023452150
 -146070156875
 -228659354039
  445339433022
  102672585714
  183594181945
 -131624810461
  -47958015812
   56988156719
   48709983007
  -26971695466
  -67937673357
   26947021736
  207129504586
  -40316401760
   66291104832
  315336033322
  -36554560889
  163628186998
 -210219744628
   65853435454
 -359068628031
  317456541732
  150446831161
  327961691232
   88328833083
  295385679527
 -161998940534
 -125724025034
 -540219738848
  284228284501
   26592363036
  129264438513
  -48640326965
 -102740989317
  238848811471
   92194143432
 -149300633697
 -162825879347
 -106327778946
 -202824267909
  -38806819603
  -79483783166
  -77752815035
   46571189536
  -82546677070
  214211200990
 -100753014699
  -80623257112
 -114364021876
  -12411840911
  304973716859
 -187575835245
  -14521891992
   51394273921
   13556062571
   56684591587
    9045039097
 -205520756551
  329043951621
   33090495621
   10586059760
 -361755443426
 -168493744763
 -224180639717
 -229346903261
 -127644677219
  -28226810421
   31372641126
  184188039468
 -196972464957
   10407620986
 -478422382062
  111620809451
   13120494961
  542964864671
 -150617415800
  224424691635
  402426002476
 -178968413800
 -101249521565
  -53498435837
  262714078634
  486343498964
 -239243972554
 -227040013445
  226598501733
    7621594801
 -510785275032
 -239615778697
  220377146520
 -355874850332
 -405070574486
  328970244372
 -489374284026
   72300630766
  382216515577
 -177678044562
  453419315120
  405261569906
 -211004853337
 -111961553360
  138000467000
  429727744193
  -97117515786
  120640446163
 -276186253909
 -192788197699
  244716118294
   92761297820
 -429490538512
  -92833376151
  131811531088
  127610335303
  216325033931
   38531818951
  -85944900680
  -91584248225
  290294968112
  126511890895
   12875307281
  418137230055
   54950455126
 -176929393577
 -128187229846
  -58724624187
 -426644560472
 -162981212974
  -64372986992
  241130222121
  -41331180473
  -52504953528
  -37961580350
  -12181102496
 -234420449363
 -153494085415
 -443297155389
   78302994750
 -498206062163
 -109826160852
  239442536349
  425802733090
 -282681445541
 -334821199683
 -166708350656
   54965748870
  187609610526
  378437284085
 -241181747775
 -202931294947
  469808203762
  -48719152615
 -303369396447
 -236020532772
  120861787091
  496330386614
 -217952662679
  -26712275720
   65830935819
   11644763101
  417252957461
 -189716073866
  173837658414
 -195604308207
  129455048942
 -147737756368
  320466895930
  347551634857
 -363907904397
   97897624064
  -85388182396
  -88240508393
 -103218616019
  -13095326481
 -254260492707
 -252187673093
 -118056891652
  419187663743
 -362679467459
  213581299444
  293551307068
  108819286583
 -159413476585
 -389938568713
  319098180529
 -345987206318
  429545734794
  245662647240
 -316719413598
 -401203510689
 -105911817445
  283978659149
  109169006393
   71420268790
  158226664322
  -49343683228
  -58485143918
  164370596665
  -36923995857
  238379232794
  216142259423
 -137062443107
  -12459195647
    -342196705
  230299325817
  143175934127
   -2163509592
  269486933819
 -280714354068
  -85449450525
  -67629002584
  -68627419937
  -44494165006
   61273554963
   83173917469
 -116001962887
 -261090707263
  324374280309
 -231227320018
 -255835917815
   77394132255
   11469178602
  -20347427541
 -381032074269
   62085495035
   61318692063
  107644934559
  -58537683358
  -30114774892
 -231032175064
  -96874870144
  -27734340429
 -277279672480
 -201783289609
     103747029
  -56300702278
 -186285000158
   97386512896
  197684731875
  -99135150775
  294969381419
 -544385926900
   35145914603
 -210484280038
  154655039446
 -294059079078
  479561360140
 -164500366123
 -215555780427
 -393190830311
   49821657342
  127373758092
 -144689269137
  303659618476
  -38745677598
  191861594215
  -90899229855
  327872538660
 -237391035307
  -92307355619
  128693563382
  -47556519336
  365803167033
 -337845243758
 -230465593602
  -43435717123
 -276483381232
   84022371720
  155429493711
  199370524281
  416532345607
 -125103775251
  193186144636
  482944427540
 -116148233877
  307136376806
  217168733241
   41079083684
  153750125712
 -135353059458
 -367926224085
 -305763712980
 -164330117969
  199116770908
  -70930351652
  338345630945
  432337971946
  -69858105367
 -418555108059
  168422195117
  -21730981196
 -218481586001
 -138393325910
  314133334359
  115161456826
 -200134849376
  304043954334
  -13439189183
  398473771441
  110805099138
 -255152934432
 -432931392192
    4822163843
  102135850268
 -147168437107
  -18162526449
 -129010329199
  222778775038
   25061361553
  -33856089439
 -163638051503
 -176228769965
  110059972755
  322075664329
 -243126404353
  275084249103
  284458301521
  164563829739
  -70972732888
  -42238636241
   23186971293
  -77723644553
  154102726894
   41367250158
  -68695501346
  -43148331890
  186418908029
   31907800629
 -497446363491
  291878319047
  -80582161065
    9460259428
 -257899128469
  270767880237
  104229367573
 -366133168636
  236853875874
  442439937445
  -60115527312
  -81152637112
  269477013377
   31782793404
  287347892663
  -83237758647
   69916410896
  293513950143
  -31260926578
  137061376917
  -38330472484
  -97345589909
   38280909331
 -174218280666
  138334726869
 -482514406350
  -57830117146
   66210545421
    8218739540
 -310809653829
  513772340818
   98299013807
 -142034550527
  -36308952850
   28849070637
 -249199061716
  -61907076280
  284178832758
 -317695998496
   78285919781
 -206540027592
   -9318086715
  -68156529086
  209118993477
 -166137323717
  105829838608
   59931735614
 -134320891741
  -89868461336
 -433603669199
 -141485142746
  290958077022
   99274293943
  303240677927
  500305900179
  191818007606
  217114566453
   88334719527
   61364475027
  -34286798944
  207231598317
  -35447812061
  118475662347
  136241501397
