  463456037175
  297373072434
  -24035284491
  -62062995003
 -209296815714
  -61855671823
   64739204950
  -48808192734
   39617569127
 -249170028539
 -273128185193
  208542056837
 -138714489527
 -354241252073
 -191227408158
  -13737440247
 -136869145923
  -76843406127
  242006629936
  -46892578710
 -385756398891
 -336667676108
  297943943696
   68650379011
   15729094618
 -147839916263
    7220470466
  -23058433047
  -91776651961
  -93027542597
   55086917882
 -398980659670
 -367156152183
   29718724831
  -86729913234
  -96023899540
  -22646620392
 -537564455648
 -209862791541
   31830333777
   63438313204
  -37406469537
  241344956314
  267542056532
   -8740755343
  127093312921
  113195531897
 -243385618080
  -43212110894
   -3142706758
  329918510477
 -185159850352
  206288748321
  288699671268
  -35964820521
  210763887283
 -192614336644
 -120954348412
  418393098362
   60363027124
 -281307950539
  360459955911
   67910332110
 -106106402774
  309692170925
 -506840100071
 -199038162816
 -389312549688
 -257386001320
 -399743066417
   58892191836
  229397522359
  233956273849
  200736334677
 -156634081512
   17776477316
 -102715391248
  463799512378
  -21645220465
  -97934322491
  545301225414
 -463762631865
 -134300633246
  243946793652
  100724491039
 -256442328685
 -140488648029
  472241561970
  168993542691
  -68815025903
   96834333311
 -343348314106
  203422191969
   66583556042
 -146323896241
  140856641408
   49713438189
 -219588868678
  535609170957
  331128964291
  359386159897
  -25419432796
 -296085394343
 -238769681246
  439400279837
 -140467404089
  -87735366672
  -60588658891
   34017958116
  -87988649985
 -189386666577
   58689307126
   17812199693
  157701887727
  -95526243660
  -13802202756
  108211169240
  109718414544
   30913885661
   98837571119
  460368556286
   61336087608
 -271980357392
  127300168775
  -92693302338
 -310157815495
  145481004315
   83843523793
 -516095727092
  282257762753
   41635531142
 -240836772467
   53735918327
 -215015540964
  -22796652282
 -346807609645
  434741002955
 -193857354634
  192544447657
 -388029443159
  160215389710
  230912686499
 -307661097274
 -173519333677
 -308741659815
  -27611093381
  450802706149
 -135691993198
 -414858297062
 -213541615855
 -188175697937
  100793094568
 -231649619168
  137386743888
  312715902908
  -79440447032
  102200973104
   40295449175
 -527162360518
 -109411344481
  112818353012
   18322449780
  -73204889875
 -146757874078
 -507118737882
 -283216118026
  270340573412
  275652979998
  436514119142
  497855885312
  408192219057
  434220166816
 -125907603914
  121396432941
  221027565016
  259189879825
  208857347845
 -217499162987
 -106559403364
 -236151256928
  421391227601
   28882822257
  -46597674069
  465921114942
  250673842535
  132114978268
 -465261526536
 -360207384030
 -484347738057
  247679981364
   53769114153
  449061789687
   32885302535
   78482741477
  137082310521
 -156775377534
  144796854671
   44364302953
  212672674562
 -382326200086
   30087046396
 -425795479212
  206938671590
  233813035343
  304752617328
  298569456774
  353721418882
 -267182914707
   95075898485
  129815125361
   41392276874
 -545422727193
 -171825573698
  231624697268
  107988440299
  -73697026583
  396134386872
  236052126936
   21623781511
 -234150938621
  -25186986078
 -486512371024
   38962329655
 -106092602369
  -93476662540
   65667737292
  259671694674
 -167157306638
  473364062236
 -314336309485
 -262643371802
 -163365609175
   97627780717
  -66009786186
 -324749361789
 -370274137401
 -108844770792
 -499545103208
  248673144787
   74025964196
  129880606761
 -479736686851
 -410202544918
  306941721901
 -106563603472
 -192020562031
  446125738582
  218233439205
   44152116504
  280898317611
  -38854440001
 -106007662506
 -246726169585
  299641131528
  -91889066776
 -471502536426
   98281861648
   65524893163
  132678266286
  195319202019
  418815839889
 -436581348718
 -120591066482
   26064171176
 -215742956588
 -521226572468
 -449826456649
 -494482926670
 -205976849607
  -14139195309
  150994825898
  470881424142
 -194017905251
 -437979554539
   56898300236
 -538639202699
  354653630964
  166863303144
  178695600871
  280658161431
   83624546583
  455840368502
 -306059413848
 -148109197203
  101506882925
  423968037051
  249529762286
  398765385223
  310646252074
  350030748453
 -450269002362
   66165348048
 -518659693132
 -369743693809
  503386751759
   58584401508
  -41674897202
 -132532368090
  450785302972
    7705631535
  -16761707414
  123091228518
  286905812734
 -366547240675
  -48563978369
  -73997869871
   90394045909
  293603888095
  168227260207
  155496738930
  351332980902
  126887595639
 -539149522794
  -70602956742
 -299039840245
  516070457219
 -482800902266
  251160775925
 -447703055800
  142876678398
  153110772149
  262946697265
  154577013651
   56736598910
 -298300633705
   -9902958693
 -315284409728
 -259559401329
  298493393913
 -227987908360
 -138947725676
  106601148982
 -271883708191
  319568971896
  169671674871
 -329122299971
 -172158580123
  168658587789
  -21025194587
 -142299700342
 -178008611318
 -241089381233
  -12054221921
  126945995262
 -351715067230
   33714887184
   65968663188
  197141519519
 -302957217273
  265499927990
 -436485881266
 -300074015456
  112023162950
 -163803695249
 -161703474947
 -229997266565
  144907171220
  169321771585
 -167482055030
  170559765985
   26928428655
   94626849486
 -190407932734
 -197520322225
 -113675042382
 -149527610346
  124189547506
 -280737768994
   63362321639
 -111156915184
 -412893489008
 -209075085400
 -452579243087
  -83401682412
  -44002731022
 -107046583582
  -17900453606
    8342724605
  132689908233
  -86780487909
 -327152642670
  337062925206
 -344399566889
 -148884933667
  -96035988418
  423745933446
   74789535406
  130128530449
  141285916757
  102356565120
  -47562090190
 -421262208898
    -377710843
  145213332532
  -59283127951
  -25133274555
 -138392478125
    9392395180
  189890973072
 -300305627690
 -173448765020
  -65601173535
 -145508659715
  534503099788
 -377694148899
  502116500887
 -505003315379
 -433004522675
