 -410499902727
 -60198403888
 -514234682499
 35819493417
 -431349128506
 -314401625906
 33572680738
 273342620404
 -503591513628
 347563966662
 189622514673
 140771303553
 299690835251
 15582286641
 -123250432052
 214590281853
 42842797827
 158112455449
 -77007723748
 -508490418568
 -278630087696
 446391883618
 12660946015
 -370643633290
 -64349724508
 285517564694
 136939778834
 -101548706976
 206792364697
 56829823578
 -331236642012
 165803942806
 -13597891862
 301949070682
 -24079008099
 369875608602
 344175856296
 245858359606
 -344790319699
 -10987691211
 -268626504760
 -386385029788
 -90029649571
 -308775622917
 -27569812774
 -22269040647
 -237015579606
 57315195254
 -389288227219
 -162820726404
 -179898702822
 -217982728510
 -304704054391
 -234194375565
 365502188070
 368680879585
 -371546484962
 -28709888746
 -253545066326
 103252777371
 -102120786952
 -184406207823
 158412947528
 -93169426260
 157304668857
 452132681962
 190210153212
 393898052423
 274216120283
 59337393754
 -510601619156
 -122497901719
 235471175176
 246934694410
 -378041695536
 243549157956
 206261215799
 99043098532
 311985056241
 -186311472987
 -437624523454
 288108506442
 -136126752087
 384316378329
 -68176262090
 -138542989235
 85974517592
 -467769748312
 -22324247380
 59774096038
 -333484481506
 -143889816115
 181455377062
 16573902423
 91205794640
 -177259873849
 -324605450874
 -302727158185
 -274083785644
 -167923416691
 -317237406072
 -210510291646
 535938164687
 41853364500
 -318828286565
 -113738566378
 -156168228132
 -110809633003
 -248739422006
 43453188386
 -324268174053
 -48604238505
 -11646802210
 73107598860
 256221368361
 -422507576775
 127008355841
 -334089235523
 335529854441
 14311512280
 -18300548082
 -279339202017
 -72147238594
 445209517147
 -406915467963
 283835400974
 53744062982
 -230275813747
 163745706543
 46485434119
 19759863089
 165701131499
 -24614371755
 125863749887
 -327128406372
 -341260632746
 364687584936
 -293829210757
 144384631248
 -407360741718
 59632238887
 -67086906625
 -174322440960
 100504428921
 -319016972371
 126681539294
 108877546430
 -282327508362
 156491599178
 -387568012919
 68295603711
 381180778495
 186551212709
 290055059995
 53957617134
 144126369357
 152913651628
 275803976445
 146676649169
 -127566802360
 -60747363687
 182993667081
 119287635411
 -180523621332
 301583680896
 -188019790040
 -42347821638
 -177377015389
 -155581599264
 -146475499559
 -106611521626
 -142462185838
 -23873344153
 210544764225
 104486051446
 127790581743
 -46905504269
 -324872499078
 -86983639345
 118078119325
 -256202855114
 211225221794
 101810758868
 -186357968901
 136458651427
 -430638916603
 -131908852037
 -227629531322
 67349342687
 -92056400772
 -544050475605
 -208570298562
 -147586883371
 -127397203602
 -42946569711
 469635007868
 -207732403404
 164669312895
 191328721308
 -106157100413
 -40012640338
 -537668883813
 175160662990
 -214377270054
 -446427523438
 -2914860319
 358082202701
 -90774776331
 -291950046454
 64998247436
 288553927000
 354337394286
 336296013604
 166584413106
 159262837024
 -63790191445
 -180561167781
 -494125389160
 -449416995031
 -241089119217
 -546083651242
 37661162546
 400408374717
 24600274798
 -12090252279
 -408041512296
 -395746107375
 -89102210291
 -182123916956
 -81462543978
 165954616070
 -155402761106
 -257159165080
 -153812136699
 -330392866698
 364504896233
 -84619895816
 23370732558
 -130425151988
 -214535875261
 27893537912
 -292754665912
 -245641343311
 500942520899
 -201142711613
 -206946451539
 239715894872
 -53087319862
 -201869936838
 -233463744187
 274067266943
 -163435123467
 79794746329
 -164788486052
 -14063539432
 92008225769
 -16451781098
 -396898346648
 24967731941
 465960140944
 128823792075
 -451380427522
 37010660726
 -23002131275
 -353716309195
 -108330275941
 -296360173751
 214175529728
 -290632447051
 187308635212
 -524441645064
 -210854123664
 -290444107534
 34174101664
 -297723575307
 249449195782
 29753984915
 -5397637344
 -294367897759
 439262216254
 -499789768223
 1753908491
 -104605583112
 318910412713
 -156222839201
 132546020421
 149463689985
 6168164909
 -50261070237
 94327604212
 149830540280
 -389225042583
 243172234997
 -218184954086
 -347996967921
 246388850852
 -539172090159
 -108615823141
 -502145117683
 7418135046
 47851799751
 -32558868284
 -99324982043
 317752812695
 236708551333
 -33099460078
 -280401566671
 50281179298
 -281751167027
 -207239134883
 -230372593289
 296003647788
 400854620038
 -459868920199
 352770577936
 -198797995207
 -200187144089
 72203623600
 -79855373398
 -112996864538
 29003298437
 335343213551
 444117322264
 -102197613524
 377269763769
 49371167436
 508752966167
 288802311127
 406505632022
 163943087101
 411609923883
 -138878387393
 165829235118
 173700778476
 -304160379059
 -224706319458
 434258192586
 445501171452
 -404272111287
 -288545842295
 -505296214892
 134242879351
 -216782213639
 -6316012416
 313949219742
 13975731171
 -26277419549
 -279130157272
 159638833436
 -280064868577
 91068642821
 -223984846768
 -520497026733
 91383907883
 -223015391674
 182637620565
 120104233108
 13766434385
 -208707759688
 117499304581
 -73256598234
 -62100945679
 -105923433888
 221257896860
 -232570904345
 100100234835
 548048253800
 479295640712
 -19670337974
 -296471088178
 -168952431857
 -66544449020
 -376014707890
 -280805356140
 451338829448
 -44636978981
 497610955722
 -140945873218
 -178914656950
 199868970892
 149361903346
 -84192713476
 -73393151196
 69661213176
 -490591340376
 122846832218
 349867172173
 103061652591
 301650759651
 327909255165
 -34096951970
 374902353309
 281254954779
 -82414842427
 446934411401
 -67834236327
 88423236664
 86928312143
 -226016694287
 -99238073009
 43771968923
 -384545361355
 -110234785915
 -348213192349
 -87254265730
 -106578249887
 -23086979509
 -200177717642
