    2555589756
 -167206422311
  165913831062
 -154714978827
   81153537056
  230360059530
 -215093073278
  -95588990897
 -510153432805
   42072239812
  176910621467
   67160810232
 -188489001150
 -371156963891
 -302079271312
 -176003082348
 -355567275431
  247408796180
 -164679977412
  511868892352
    6699530979
 -129427651594
 -507983472724
  261997639472
 -120746726749
 -503291072858
 -215857518199
    3608756015
  414900583913
 -266091791937
 -128068263056
 -345961712604
 -248467973862
 -171140497602
 -530231511009
  130402846394
 -135971355366
  364860926821
   29214192641
 -430665642489
  108651438517
  316408386979
   90309998833
  407755847351
  107850212104
   76880784908
   26471722821
  -57782296325
  281421903347
  398773823352
 -284423959990
  104025166599
 -190268050587
  279753821111
 -364671831566
  -59837065113
 -389522817882
 -132622990055
  120032562736
  314916433514
  274983176099
  480978213401
 -361734284635
  127754457033
  -12182051700
 -452221858309
 -168899238456
  293587778909
 -168418060386
   55245857824
 -128717653834
  176451332275
 -345537568974
  -70482217344
  141563535464
 -244169841973
 -409350929970
  -41891645031
  122200285874
  209769831838
 -376614924472
 -392575317334
 -130780420519
  194622972061
 -159715890826
  145945500612
  239576161796
  344761778293
   24974446892
   85960937930
  250561457570
   68458483670
 -285866304990
  -12720166448
  349864344183
  303150273484
 -533861653955
    6681121772
 -374952432931
  428862749887
  147723105647
 -236005551879
 -186857241738
  -58979086780
  119180498445
  235963097264
  -59155126449
  354371953268
  -78227279558
 -121622135264
  358800738906
 -104864541079
 -110117132589
   63180872978
  371815329474
 -289296488702
  418309338218
  144683025540
  369486460736
   17728571676
  248195973408
  -54680591828
 -298896339609
 -342176749139
  413797083666
   11131310407
 -161122478742
 -485771735866
  526279504644
  217230237330
 -153812147715
   34935509992
 -150609623979
   12557812128
  198485849880
   59224813022
 -275756747382
 -317321738083
 -141504714356
 -514740897333
 -270418114890
 -105458349299
 -194122941382
   99451308381
  114941199983
  -94188886820
 -458303566768
    6721276196
  246310324965
  159955124983
  108832819349
  142972514911
   49397335727
  372004341061
   93417713880
 -106967747255
   92453163774
 -240590214418
  384402430089
 -113393431485
 -300525748881
   92877901129
  289735689030
 -539782316404
 -421284588102
 -121371455307
  160919202284
 -106525080808
  -84469177145
 -295511459758
 -215926651417
    3300159191
  301801379132
  422445928118
  296914011463
  533904959795
  447723634296
  -67088317307
 -458066266961
  406068121719
 -484985215521
  328556666180
  398027079698
 -209021164018
  368963508191
  -60864608490
  -28616973776
  170151737930
  -19035106207
 -367419265584
  347458624714
  246873882666
  537129774075
  519664035067
   43380587786
 -298405242741
 -501989599867
 -304433994540
 -216672275183
 -405652262103
   13824016057
  -18756392488
 -207447577700
  -35088850565
 -534538715076
 -484226470590
  -49879072134
 -125070197144
  318988354626
  196995500985
 -300516912934
  -76184009799
 -185804878133
  219732220546
 -220724190043
   58039123304
    3957489488
 -148108551156
  304280143197
   17443612013
  127039628032
 -246422028051
  -95093071811
 -109992701924
 -472237564483
  231525756185
   10370477776
   41600899239
  182374796730
 -155435221165
   27495189694
 -428517787618
  421283748061
 -341062105165
  310695323969
 -242379507862
  -14502324409
  523928784082
  -16162329710
  115615732782
   46923786816
 -144231745336
 -518049218904
  267614627405
  268893670259
  183529837575
 -174144474995
 -537769057045
  -42418716192
  463725429289
 -350089723608
 -110514972608
 -375719779243
 -309232529310
  -59434801837
  417240728103
  174008268285
 -399430430897
 -152275255104
 -198496474798
  336913973634
 -240347741379
   56990552968
  137754168937
  503028384999
 -532691045462
 -164238410183
   13441142823
   48467639901
  281052576213
  299078006858
  246721207913
   95088911601
 -131404243003
  -95042295798
  174973968493
 -134975142770
  -95885299255
   40759264039
  398579030855
  287028242784
 -116813628839
  -10938986211
 -530207330659
 -380177422056
  -11079130357
   70876630371
  201366742195
  -74231028418
  -15879478354
 -106726937670
  278462356599
  410071944001
  192897276029
 -111449807835
  309099832834
  216602151112
  125975420547
  142734522190
 -432832201732
 -158770478320
    -176888669
 -168078676275
  156527456903
   97912423166
  285022834512
  362903254863
   76656281071
  243698573172
  153085621898
 -232748626533
  465057393156
  105401047505
 -214847943297
 -433612013711
  -12030600366
  -99191531853
 -510612905971
  501514504825
  -92512987616
 -200414027580
 -187372557635
  -50229680358
 -336168558918
 -250891870252
  -67219001806
  -76753292092
  272326476855
  135355586983
 -454250814682
  -97463287745
   71216456716
 -200941344587
  217068470204
   71109535692
  280031856350
  146384494350
  212844356924
 -158322041036
 -291788333739
 -347582742267
 -350114363602
  103725508605
  272608477770
   85594062382
 -355066702737
  501620173350
  128965210234
  235848298172
 -544421036692
  -21174348726
 -518290879661
  100343673019
  407579842868
   72915124110
 -502616335978
 -491595163958
  458968456120
 -244912952533
   77531229387
  100681014488
 -398939744555
   88361051124
  179641174791
   16961038433
 -279171051525
  215248248559
 -311850968352
  -25154683406
  206730216093
   84826912221
  -34021546057
  111502983617
  218612561747
 -485276473500
  218855346793
  -67413185635
  -24298610207
   37299448647
  -43848312537
   23224293725
  322882001667
   51436418316
  154325915581
   -4603342574
 -256388251290
 -123649677191
  119219400553
   53545168247
 -344913196359
  484814755487
 -492765417422
  533455606712
  193944341131
  -82023376550
  308680830903
  -96794704100
  -19862033263
 -295519189409
   74296702412
  344071245830
  170828145327
 -328551343483
  372729447558
 -333622067432
 -459744564584
  -82647934045
 -166777727216
