 11460
  4256
-17809
 -1960
-20231
 -1152
 18637
-30800
 18985
 14169
 16610
-18629
 -9515
  8739
 13782
  5344
  4663
 -2298
  9997
 15422
  6243
 11428
  1386
 -5680
-17793
-16643
 -1931
  -765
 14118
-21573
-18952
 24644
 17116
  5660
  9590
 16910
-14788
 18973
-11367
 10246
  3587
 16763
  3281
 19771
-14086
 14136
 23500
 -5990
 -3126
 14359
 -6336
 -3181
 -5889
 10201
 -9862
 -2075
-10696
 -4142
 -3418
 20177
 -3853
 -5787
-15727
 18153
  1925
 -4968
 -8674
  8786
 12534
   846
   -85
 -9382
 -8995
 30740
 28834
 -4938
-24383
  2654
   944
 -2378
 27839
  -467
-20818
  4476
-11844
 -2942
 17046
-12969
 10196
-28401
 -4834
 -2867
 16823
 12105
  2468
 15690
-19017
  4644
 -7528
  1663
  9032
 29437
 21390
 -4110
-10242
 20834
 -4352
 18628
 -6297
  7668
 26121
 -8070
 -3899
 -4735
-20989
-14008
 15434
 -8759
-31039
  4372
  6627
 13369
-12788
-10972
 28638
 -1358
 17570
-11014
 -3159
 18929
  7263
 14821
  3989
  5495
  6777
-14050
  7456
 12786
 -2171
  2775
-23860
-12118
 24594
-24721
-11429
 -1110
 -7612
 -7658
 -3556
  9793
  8157
 -3931
 26731
 24463
  -445
  -356
 -9287
-14893
   238
  5870
 24418
 -5910
-20428
 31264
  4591
 -8787
  6411
   608
 12952
-10628
 15934
-10426
  9681
-11980
-16128
 -3907
  2823
 -3241
-10899
 -8862
-16825
 -8449
-11067
 11066
 -5768
-15659
   688
 -6225
 -8892
 16254
-16424
  7232
 15398
  9518
 -1335
 -2546
-28481
 21718
-10824
-22890
-18331
  4159
  6508
  4476
