  5555
   107
 -6345
  4762
 -8042
 15373
  2579
  4554
  5689
 -9165
 -7765
  -510
  8316
-13857
-26842
  1195
 -4235
  3152
  5975
  3261
-10531
 14381
 20738
  5339
 -5841
  -587
  2080
  -619
 -4293
  7496
 -6942
  6312
  3510
-10131
  6892
 -9001
 16755
-17530
-21107
  1457
-16704
 14209
 29371
 -1438
   675
 11728
   862
 14012
 -4677
   800
 18487
 -1399
  3439
  -146
-18975
  5909
 11642
-12012
-30235
  1097
 -6046
  7120
 23182
 -1734
   -69
 -2672
  9846
 -9996
-13161
 21041
 16678
  4343
 -4970
 10468
  2038
  6334
  3248
  -789
  2872
 -2487
  9530
 -3740
-20009
  7683
 -8841
 14084
 21208
   962
  2042
 -6538
  5418
-11960
   849
  2857
-10139
  4118
 -2801
   -93
 -5005
  2814
 10389
-11091
-11287
 -7034
 -5338
 -1697
 19860
 -6995
-13408
 15275
-32314
   223
 10250
-10760
 -9353
 -2385
  2457
 -4760
 -2484
-12522
  9753
 -4407
 -3731
 -4570
  1015
 -9108
-14870
   196
 15251
 -8367
-31961
  5940
  8163
 -2761
 -9091
  7036
  8019
 -1067
-28825
  9040
 -6695
 10512
  3552
 -2518
  9568
 -5999
  1094
 -5703
 -9560
  4579
 13885
 -2654
  5835
 -8003
 -9773
 -1108
-10015
 17269
  5527
  4668
  2531
 -6088
 -6231
-13589
  7013
-16573
-11133
 -9374
 -7428
  2528
  5758
 -8722
   306
  9451
-10277
 15548
 -2861
  -810
  5960
  -768
 -1593
 -2655
 -2005
  1624
 -5413
   -77
 23426
 -7399
 -4512
  5318
 16584
 -4710
  7884
 -3827
-12156
 -2397
  6185
-15251
  6742
-12009
 -2554
 10726
 -2159
 15699
