-27757
-22842
 -9972
  3089
  -690
 -4084
 -3110
 -4398
 -1068
  -468
  1876
  1740
 -5135
-10082
 -5400
 -3566
 -9378
  1730
  2922
 19272
  2665
 -7747
  9954
 -2666
  9767
 -4475
  5842
 11115
  3030
  2404
 -3127
 -5351
  7155
 -9958
 -9342
-11376
 -8145
 -5507
  1845
  9862
 27344
 14596
   575
-15127
 23495
  6177
 -9440
-23374
   -41
  8612
 -4180
 -5709
  2406
 12286
 17853
 -6324
-12250
  3878
 10838
   574
 -4438
-26474
 -3483
 -7556
 -4402
 -3082
 12245
-22252
 12721
  5181
  -587
 -3902
-20587
-14005
 22241
  9182
 -9556
 -6188
 -7183
 -7297
 -1352
   313
 18097
 14439
  6168
 22171
 20128
-20670
 12806
  1565
 19464
  3636
 -4017
 16187
  7554
 24963
 10247
  1002
  2847
 -2750
-22534
 -5464
-14020
-14097
 15037
-13250
 30251
-10934
  7079
 -6321
 -1454
 -1917
   920
 -8326
  9292
-14953
  3099
-16466
 12538
 -7988
 14818
   689
 18595
 20818
 11228
  3610
  8300
-19485
 -4016
 -3389
   475
   380
 -4432
  2094
 10816
-10065
  6644
  8681
 20446
  3246
   952
 16366
-24292
-22381
-31004
-30722
 11526
  3962
 -2534
  4553
  7251
  1990
 16126
-21026
 -1054
-20375
 -9253
  2888
-15003
  8837
 -8640
  9919
  -841
    35
-19386
  6338
 -8919
  3251
 -1243
  3285
 -2176
  8773
 11163
-15145
-20128
  8948
 -1918
 12750
 13401
  5697
-24798
 -8759
  9317
 18750
   -64
 27880
 13718
 17996
 13970
 16966
  9818
  4378
 -2764
 -5033
-10145
-12179
 11735
  5028
 -1765
 -9823
  1060
  4364
  7283
  2587
