 7788
 -6525
 -3377
 29582
 28685
 -26248
 -32488
 -12852
 19900
 -8810
 -6163
 -5519
 21062
 2000
 6027
 -11179
 -6606
 21490
 -17313
 -1618
 -27835
 26151
 -28456
 5620
 -18974
 -23284
 21538
 -28818
 7997
 -22522
 7848
 22097
 -7089
 -16866
 -29704
 4482
 -32042
 19683
 -24023
 24521
 19059
 8054
 -8295
 -6507
 -14940
 -7515
 -7296
 -21602
 -3887
 29916
 30835
 26570
 -24300
 -2690
 31431
 -28820
 -23175
 -9278
 -29869
 5832
 29325
 8829
 -1161
 23880
 -4616
 -31162
 -25772
 -32529
 -6322
 27148
 853
 26702
 21078
 2110
 -19910
 348
 -19945
 -13545
 -15834
 -5685
 -14987
 -29889
 -30426
 -15346
 -12833
 -32372
 24197
 -8577
 -20065
 -1760
 6663
 -203
 -19634
 -4815
 24100
 -29535
 -44
 31587
 -5631
 29949
 31436
 -28892
 469
 -17840
 26645
 -18810
 22804
 -27403
 4216
 14148
 -29098
 25812
 -1144
 -25826
 -20374
 4743
 -9393
 -543
 5107
 -24725
 2981
 2516
 -23499
 -24379
 22253
 16147
 -24940
 -27892
 -26519
 -22733
 -23186
 -8256
 454
 20635
 809
 -5852
 -1003
 -7821
 -7714
 -18866
 -19449
 10696
 -231
 15448
 20662
 25913
 20833
 14631
 20990
 -7823
 11607
 16443
 13777
 24843
 784
 4722
 -26017
 -19162
 9099
 -3372
 -10129
 -11729
 27597
 -13500
 -23793
 21048
 -30597
 -9393
 -1264
 31739
 -13281
 9181
 -14598
 4665
 -23016
 -18204
 -17090
 -23010
 4042
 24291
 20466
 -10183
 14736
 -13885
 -2737
 8289
 24223
 -14483
 -14170
 -1350
 -5222
 -2651
 -17143
 21982
 -4911
 19091
 18070
 11455
 5967
 2076
 -22372
 12056
 -24447
 28465
 29643
 -9416
 32415
 17804
 7721
 -3395
 17536
 6703
 -18148
 -11460
 9065
 -28506
 -6433
 -25845
 -27892
 30414
 18529
 -27950
 -32278
 13
 -23226
 18359
 -541
 4515
 -25406
 22918
 29059
 -18945
 -12116
 -3508
 20880
 -30988
 4578
 -12852
 -29364
 3135
 24799
 -16689
 19020
 32146
 -18188
 -24611
 25809
 12979
 -233
 6537
 -30148
 12
 31589
 15428
 -30199
 9716
 -24952
 -5737
 -15113
 -26414
 -8119
 -4321
 -19763
 16136
 3180
 1957
 17609
 28835
 -1243
 -30371
 21331
 -12888
 32331
 28907
 -5057
 -7591
 16697
 -8805
 1108
 -12380
 -6843
 -30360
 -24459
 -13420
 1034
 -24469
 19563
 -21955
 10889
 25143
 4457
 -12109
 2975
 -27969
 5207
 -7978
 18739
 -27836
 13165
 -728
 -22726
 26659
 27875
 -24362
 -16094
 -11243
 -749
 21514
 23036
 20165
 -9959
 -8726
 -10114
 30140
 5228
 -22585
 -1815
 15895
 -20649
 19739
 -23775
 -22449
 -8651
 -28657
 -23718
 217
 -12796
 25941
 24773
 4025
 -25076
 29689
 13181
 18836
 10209
 14367
 -6686
 23063
 20681
 -35
 6750
 -28057
 24557
 -30935
 -27003
 30305
 -15925
 -4648
 28558
 19023
 2574
 5107
 -31346
 31526
 25682
 19860
 -32520
 -25347
 -9068
 10439
 -5467
 -3082
 -24754
 -24138
 -31634
 -7675
 20944
 14910
 -22748
 -31741
 -1142
 -19191
 -23877
 14246
 -3979
 -15840
 -8354
 12478
 4516
 -17368
 21805
 -25355
 590
 -23160
 1969
 29348
 32398
 24427
 -20844
 15947
 29459
 25086
 -881
 6130
 -20400
 -32567
 3036
 16063
 16692
 -14474
 10354
 -7171
 336
 -23591
 -10460
 143
 -2411
 -1323
 -13095
 -16560
 -2971
 -9526
 -3517
 12370
 -9699
 -27389
 -11188
 -5871
 -9479
 8172
 -19592
 -11698
 14593
 27595
 25938
 24233
 -4797
 17987
 2707
 2676
 -17413
 -17471
 24609
 791
 15400
 -29797
 -12586
 -1513
 -10995
 -15067
 13010
 25577
 4612
 -29078
 17034
 28279
 -28408
 12108
 27398
 -2601
 -9652
 -19123
 -19198
 -14221
 3644
 22509
 32084
 7
 -26715
 26142
 -3444
 -26061
 32398
 -14958
 4083
 15685
 -26137
 18209
 27382
 -9701
 -23220
 10406
 -32251
 -3574
 -1117
 25710
 32666
 23381
 -20757
 28154
 28289
 -27985
 10348
 -7528
 5441
 -3915
 25868
 -1755
 -27821
 10716
 -2638
 -11266
 12512
 28549
 -28917
 12297
 18093
 -531
 28617
 29068
 -24222
 -23024
 -6808
 -28175
 -30057
 15567
 10981
 2255
 21296
 -18954
 -24773
 19171
 -30731
 -29648
 -27300
 31630
 32739
 32091
 -13815
 22295
 31007
 16716
 3761
 -8959
 -32500
 16731
 59
 111
 63
 27296
 7838
 -808
 15270
 -9426
 -11940
 5744
 18059
 -5387
 14613
 25642
 -26242
 24353
 2712
 -6491
 10130
 26003
 6513
 -31636
 -24773
 -19940
 -6896
 22095
 -21276
 -15713
 -1478
 26991
 12815
 26798
 26148
 2548
 -3904
 -22726
 31704
 23384
 31176
 22194
 -15912
 -6136
 -31381
 -22463
 -1225
 -30261
 -17743
 9329
 -7599
 12380
 -26539
 29733
 -7783
 8201
 -7525
 -17546
 -9975
 -2011
 26251
 29346
 -27024
 23984
 16824
 16630
 -26657
 -15737
 23741
 27245
 -32071
 -4072
 -6664
 31797
 -12498
 22562
 12805
 24190
 -21983
 22781
 24182
 11244
 -3014
 -6097
 9261
 25868
 -27913
 -25555
 -14397
 -23664
 -27703
 -21323
 13978
 26535
 24681
 -15658
 -25092
 14551
 -2191
 -6060
 -12110
 341
 3027
 -25453
 -7076
 28449
 -17965
 -29268
 23707
 -27174
 -25039
 -15539
 -13219
 -21057
 -16395
 -8008
 23419
 17109
 -27984
 30025
 -6748
 -29384
 24378
 6948
 31330
 12959
 18364
 -20244
 -15373
 16202
 31363
 17934
 -32337
 -24318
 4556
 -31465
 17355
 -11548
 30943
 -16423
 7215
 14825
 -16608
 4353
 -27939
 -19864
 28977
 -26098
 32452
 -7950
 -27075
 5740
 -5581
 20311
 -25872
 -5748
 -20211
 28841
 16887
 -23319
 16581
 -9496
 -24268
 -30140
 -39
 -21550
 -8667
 -5178
 -6632
 -16380
 -12188
 4468
 31636
 -11262
 30008
 -15386
 -20922
 -9917
 -19679
 -30353
 -12353
 -16590
 14719
 -21422
 -14775
 -18964
 10996
 26376
 -16361
 -11961
 28625
 8150
 18735
 -26653
 -9479
 -1174
 4698
 -25266
 -24856
 -11080
 1838
 -25718
 -16030
 21980
 -8670
 -19063
 8559
 -2361
 -19718
 900
 11373
 25956
 -22842
 -28880
 -20625
 8619
 -18647
 25923
 15523
 25547
 4580
 -29993
 -30059
 24967
 22295
 23784
 -6897
 17174
 31712
 14457
 16806
 -13796
 -23074
 21923
 30121
 23360
 19400
 10261
 -1049
 22528
 23844
 21299
 11202
 12602
 -10931
 -26190
 7626
 -2193
 -17535
 4506
 -29548
 4297
 27611
 6893
 -14302
 -32541
 -15357
 1894
 -31542
 -22153
 -15717
 3682
 14560
 23931
 30235
 -4593
 6921
 29285
 -3082
 20288
 -27352
 -14896
 -2697
 -447
 11214
 -14379
 -28690
 -15494
 14411
 25151
 -10645
 -16636
 1726
 22885
 -8039
 9146
 25797
 -3911
 -5754
 -9398
 -18113
 5817
 3643
 -5510
 11392
 -18415
 21011
 -31371
 31360
 31012
 1604
 25154
 1453
 -20921
 -30489
 -16606
 20648
 13465
 -23251
 18896
 26543
 -24872
 15349
 27838
 -3016
 -24142
 -12344
 28068
 15983
 26520
 -30630
 -9695
 1681
 15857
 25574
 31739
 716
 -13947
 -4081
 29236
 3169
 -3187
 -6390
 19441
 6526
 -30075
 450
 -1666
 11367
 -30474
 -414
 10392
 -13378
 -22276
 1042
 -1782
 16912
 -24173
 26408
 -26003
 9882
 -32392
 -13724
 6837
 -12997
 -4454
 12227
 -18967
 -9362
 16596
 26340
 -7176
 21604
 10624
 3988
 -8131
 18218
 6661
 -7594
 3528
 4757
 2409
 -9830
 5368
 21095
 -31898
 13735
 -3165
 -21437
 -18101
 -1024
 -31034
 3906
 -31335
 7995
 -20215
 24340
 29078
 28085
 12521
 -4712
 5118
 -2059
 699
 -23877
 26581
 -18492
 17787
 -12255
 -25299
 -13255
 -1903
 30465
 -5263
 -14332
 25995
 -4921
 9877
 799
 28792
 21877
 -19542
 -22181
 -26210
 22498
 14095
 -27515
 -10676
 -9095
 -18433
 8417
 -6530
 3319
 -22394
 5646
 -29836
 -23489
 -6719
 -4316
 3860
 -5042
 -7990
 -5879
 -2587
 18578
 10790
 25778
 11773
 13275
 24464
 28159
 -29568
 30979
 25071
 -3610
 -8835
 -17296
 26826
 1084
 -26779
 -21746
 -31826
 -24543
 -10214
 13838
 25219
 23407
 14273
 13288
 15423
 19884
 23146
 24579
 -7661
 -17043
 -3327
 1858
 -26959
 29901
 -4123
 10303
 -7383
 -9091
 -15683
 -26158
 -25694
 -27790
 27910
 -21172
 14320
 -24005
 -16807
 -25935
 4102
 -21630
 13637
 23773
 -27532
 -32014
 -30548
 -20958
 -5789
 -10670
 15866
 -18921
 -20649
 -28184
 -26135
 27029
 -10349
 406
 -11384
 16617
 -15268
 20090
 19342
 -1950
 21200
 -5490
 -31922
 23043
 -10935
 -13105
 21658
 26701
 24760
 -17987
 -11295
 8487
 -23346
 31230
 -6268
 -2173
 -16553
 -20192
 26352
 7679
 -9059
 27487
 -28241
 -19426
 -1848
 -23441
 26768
 -25872
 1279
 29511
 -14222
 -16500
 11399
 24434
 -10033
 453
 -23203
 7420
 -16120
 2919
 -3258
 18315
 -30702
 -13866
 15939
 10473
 26166
 20051
 15980
 -21871
 9883
 -8367
 -6959
 26270
 -16087
 14581
 1576
 -28485
 -28813
 337
 -22469
 -28376
 -8926
 32671
 -9641
 1844
 2945
 32382
 31802
 -13858
 -21961
 22536
 -30119
 10760
 -21415
 -31531
 26698
 -12829
 -3606
 -20738
 19172
 -29793
 -12370
 20166
 24711
 24730
 23794
 -3918
 23254
 -3470
 12803
 3207
 6056
 24092
 -26426
 -7601
 -4941
 20320
 15600
 13148
 -31866
 -18042
 -27784
 31676
 -31046
 10961
 15982
 -10115
 18711
 -7216
 -14110
 27964
 14641
 4463
 16231
 12776
 9383
 179
 26115
 -20195
 -7940
 -9850
 -21735
 26184
 25311
 -22450
 27931
 31526
 -2782
 16551
 19470
 7302
 -17671
 -2779
 19858
 -2250
 31836
 14254
 -19978
 -95
 27214
 -22393
 2465
 -20700
 29672
 3177
 10943
 28722
 -22760
 -19925
 26467
 -12992
 -23808
 15865
 16148
 -16335
 11616
 -27863
 -4018
 -20259
 -22850
 26909
 -4268
 -1586
 8670
 -19512
 11891
 -32354
 2279
 3599
 23325
 -3073
 -18166
 17528
 -30135
 20889
 21882
 -29473
 -10132
 -8506
 -29600
 -11068
 20343
 -15834
 17266
 22746
 4800
 11823
 13861
 7876
 2477
 -9457
 1430
 1782
 10387
 -13167
 15086
 19707
 -19685
 -16818
 -6298
 8771
 -25239
 15974
 -24111
 -27050
 -28114
 7521
 -14785
 20859
 -16115
 -28837
 -12479
 23993
 8242
 20162
 -12983
 -10138
 25601
 -13650
 -13481
 8549
 10674
 -9169
 12282
 -31011
 -16479
 -32740
 -28196
 -13352
 -29344
 -26279
 27656
 14859
 13074
 -24232
 -21660
 -10591
 -8110
 18028
 -6262
 4743
 17334
 -18732
 -20646
 7612
 8677
 -8765
 27414
 -20868
 -16230
 -27447
 6540
 -19625
 16788
 -13526
 -25380
 -22442
 11193
 -16320
 14740
 -15799
 -26071
 7439
 -7181
 18794
 27007
 -19139
 -23216
 -20590
 21832
 -22946
 15808
 18100
 -26433
 27621
 -17494
 1097
 -24878
 -11490
 13922
 19030
 -31772
 32597
 -20814
 8943
 -15967
 31703
 -441
 10763
 16600
 12678
 -8505
 30055
 -20236
 523
 -14410
 14416
 -2998
 -4820
 10680
 -27545
 -15305
 8580
 -22412
 8413
 21260
 -11690
 -20995
 -1083
 -31526
 25023
 -11163
 949
 27116
 -2327
 -32254
 -21996
 1511
 24319
 -16876
 -11230
 26780
 -2464
 29135
 -17735
 12578
 32059
 -13808
 3155
 20735
 -2224
 27925
 -7101
 2298
 -16482
 10794
 15472
 19475
 -22925
 17300
 -14218
 13178
 4062
 -12849
 20746
 -342
 -12107
 8465
 -7527
 -4857
 -22129
 19087
 20477
 16852
 -27105
 2202
 9168
 10009
 -14312
 -18444
 19448
 -811
 -27097
 12475
 14612
 5071
 -897
 -10589
 9591
 14521
 -2775
 28383
 -19486
 -19766
 8392
 -8931
 -22159
 15830
 -11803
 -23059
 -9103
 1073
 23431
 -13875
 -22181
 16148
 826
 2736
 -12827
 -24764
 -1030
 -20475
 -7637
 10171
 -10514
 6558
 14388
 -3398
 -11361
 18463
 31706
 -32489
 21981
 21161
 -13238
 19138
 20518
 27418
 11064
 13867
 125
 -5420
 -27695
 -5331
 -14270
 -25892
 -27194
 1942
 -8562
 -7476
 500
 -24305
 -16108
 10712
 -11946
 -17676
 -27204
 -13587
 8854
 18023
 4101
 -19665
 -32241
 -7531
 -23766
 -20196
 28461
 -23043
 2705
 31320
 5042
 -7356
 16659
 -26543
 -2962
 13256
 27660
 20850
 -16157
 20721
 26388
 -14543
 17937
 -9276
 -28539
 2741
 -17277
 3161
 -23038
 3900
 1024
 -27824
 26881
 -5916
 17141
 -30417
 20854
 27192
 -11033
 -16320
 13276
 -6284
 24257
 -17921
 31762
 14650
 -10570
 -20685
 -11056
 13557
 24559
 -727
 5123
 -901
 57
 6988
 -22263
 -11716
 -13173
 -25741
 -11909
 30102
 -12219
 24979
 -24142
 18431
 24195
 25042
 -14927
 -30719
 15545
 15493
 1564
 -13237
 -29185
 1412
 -9941
 -20259
 12061
 -3112
 26483
 11453
 17078
 -29171
 2039
 29081
 -14848
 31726
 -28376
 -7249
 5744
 20967
 17634
 -21078
 1862
 -5804
 -11744
 -2069
 22409
 27475
 32533
 -25525
 9899
 24701
 12436
 15469
 -32288
 -24989
 -22442
 -13540
 -20408
 179
 15285
 8416
 -27627
 -27488
 30339
 -7599
 3925
 15382
 23045
 -7197
 13946
 478
 -7371
 -153
 -18107
 26488
 -698
 -14386
 1089
 -25588
 -6152
 -14101
 -26008
 -2119
 -27534
 -21875
 26489
 29565
 -30066
 15541
 -974
 -15698
 22198
 6180
 -1479
 -571
 6579
 -22524
 7605
 31900
 27766
 18605
 -26241
 -27993
 -26402
 -27080
 -19016
 24389
 -18779
 3326
 -10042
 4183
 23497
 -18332
 -21196
 16906
 -12235
 4317
