 -6079
 -28351
 14992
 30620
 26885
 -19545
 -5949
 9494
 2147
 2162
 -15295
 -19465
 1887
 -8004
 -6627
 1801
 -8764
 16675
 -27386
 -14127
 -3743
 -3215
 -31247
 -20430
 16938
 25804
 8923
 -6677
 -17665
 -26442
 32527
 -744
 -6742
 -21558
 134
 19012
 -24109
 -11607
 -1463
 27085
 -1122
 12534
 17790
 26906
 -21840
 247
 -5140
 -7007
 6082
 -19971
 -23959
 -17928
 6574
 29376
 -12431
 -28141
 6318
 16093
 17932
 6202
 14265
 -20555
 24676
 -16619
 -27931
 -11519
 31267
 -20303
 5843
 -4954
 -32228
 -4812
 23089
 -2822
 -21550
 16102
 -11372
 -15514
 -6421
 -17502
 -12387
 -27805
 12315
 188
 18822
 30492
 -24484
 -19278
 -21183
 21332
 26942
 -10388
 20542
 -19935
 -30745
 24385
 22906
 5446
 -4132
 -18174
 -9521
 -23522
 -20227
 -21804
 5366
 5717
 19259
 -799
 -22668
 -18060
 3447
 31658
 23876
 -27284
 7529
 -11341
 13936
 -23262
 -12175
 20781
 -14406
 21506
 -18415
 13483
 3542
 -28860
 32670
 19092
 -20932
 27187
 -308
 10055
 -9479
 -28607
 -31704
 28430
 29251
 -7789
 -15339
 -6140
 -18985
 23116
 12980
 16710
 -14483
 -16176
 -25469
 26046
 -26376
 11325
 -18298
 -1345
 -22105
 25286
 -9140
 -23212
 -22233
 -710
 32068
 5065
 20810
 -25774
 19301
 -20322
 -29523
 7389
 23783
 30845
 -10466
 27285
 3533
 13300
 19779
 69
 2879
 -15248
 4256
 -11565
 22312
 -18415
 460
 -6555
 5519
 29420
 -23170
 -14449
 -9967
 -29282
 -2241
 12157
 -4352
 -21051
 -8840
 -3754
 11190
 -28030
 26117
 -1246
 -17807
 585
 -737
 -29761
 -29788
 14820
 -23311
 -29169
 28141
 -20505
 32489
 356
 -16695
 30404
 3305
 -5210
 8200
 5432
 20644
 29219
 22642
 -13164
 -9958
 30372
 -11224
 18940
 -24082
 18188
 -25766
 16594
 -3913
 -14405
 24383
 1973
 1667
 9319
 16870
 -30022
 -19113
 29465
 -12369
 16301
 31033
 -3374
 -8930
 20947
 -13243
 9592
 1847
 -32487
 -24080
 -19368
 -2388
 59
 17685
 30288
 17357
 11931
 -32598
 -27747
 -7127
 7802
 -13767
 -25719
 30392
 -7688
 -8975
 -32025
 29752
 92
 2369
 23674
 -18773
 22965
 -6115
 14667
 14210
 -18791
 28671
 2875
 -8985
 24817
 10086
 13154
 16587
 -6584
 14450
 -14193
 -24796
 11066
 -12515
 -21453
 -31942
 25289
 19184
 -19396
 8914
 -27162
 -9451
 8070
 17086
 10583
 -29090
 28896
 -17182
 16127
 -29214
 -14672
 -30016
 13257
 -25490
 1539
 -6083
 11842
 22663
 12145
 -20165
 -22012
 27083
 14366
 -28771
 16468
 21728
 -20615
 -28839
 6504
 -5040
 -10409
 -5131
 -15823
 -10724
 -26596
 5025
 -5779
 1866
 -5795
 -14010
 23205
 5805
 -23733
 1823
 -12666
 3030
 8963
 19933
 -9757
 -9284
 24078
 25385
 18312
 4724
 -23155
 -3353
 10342
 22357
 11729
 27988
 -7060
 26468
 -28262
 5984
 27487
 927
 -20773
 -21025
 18254
 -3687
 -6301
 15471
 11510
 9618
 -20953
 -14564
 -7752
 28945
 -28231
 -13406
 -24548
 25473
 14992
 -22593
 16235
 -25600
 -30624
 -18298
 -21002
 -5368
 -29606
 -16690
 22461
 -3372
 -1933
 12747
 32117
 -4477
 -27319
 27981
 -5045
 22890
 30489
 -19623
 -7584
 -29803
 7766
 -22135
 25484
 -28132
 -21014
 29221
 24802
 -24387
 1250
 -26501
 32044
 -10783
 -2298
 -9539
 28110
 31889
 -26992
 12785
 19722
 27180
 -14998
 24904
 7042
 21779
 -6331
 -2756
 -29676
 -21951
 -14901
 3565
 2488
 21083
 21594
 261
 9949
 28817
 -26011
 1739
 7560
 -815
 -25307
 22182
 32730
 10130
 -2501
 1147
 15508
 21458
 -1761
 -26629
 6808
 2511
 -9401
 30402
 -9337
 -20454
 29799
 21413
 -23610
 -20407
 -15179
 -16949
 -17130
 26514
 -11654
 22327
 31729
 28496
 24838
 8924
 -328
 8385
 -11488
 -16394
 12712
 6724
 -4369
 32127
 17765
 16313
 -31218
 -3953
 9140
 -19824
 -20984
 -5569
 -18322
 8628
 23762
 24004
 6841
 23682
 -7482
 -32636
 -19019
 -22416
 5089
 -27269
 -19616
 28751
 -17703
 -24669
 15830
 19722
 3693
 -30072
 30741
 6892
 27434
 16870
 -17003
 16695
 26921
 -22061
 16708
 9283
 -19075
 20124
 29684
 -29455
 -20624
 -31949
 -18927
 -21754
 4471
 -10061
 -4600
 -7537
 18087
 -5521
 -22562
 -14999
 -12772
 11645
 2553
 -8326
 25923
 12884
 4748
 -8461
 -17843
 -16363
 26969
 23976
 30034
 -16880
 9582
 26323
 5891
 13119
 5054
 -12561
 -10582
 -31277
 30628
 -508
 -2556
 -18830
 21410
 4955
 -7104
 25576
 13318
 25226
 25903
 2447
 14123
 7705
 -183
 -17872
 20790
 -8265
 -10804
 7356
 8123
 -14855
 3747
 -4437
 26140
 23725
 4984
 18314
 29855
 10241
 -27059
 32553
 -30325
 -16394
 -30214
 -24577
 -19437
 24336
 14765
 -11853
 -4854
 -1650
 -20484
 13517
 13219
 6176
 32026
 5136
 19640
 22641
 -11897
 -13185
 -126
 -27335
 -11097
 22446
 -18548
 13259
 -15215
 -8831
 -15610
 13074
 8151
 860
 -10664
 4436
 31321
 1609
 9836
 -23497
 -16499
 11010
 -10272
 -18572
 25399
 6358
 -5591
 15904
 6288
 -9068
 25798
 25862
 -17912
 -8472
 5860
 -31399
 -17839
 24565
 31247
 15192
 1880
 -29267
 15960
 4168
 -31470
 -10519
 -7206
 463
 -19989
 -7658
 1573
 19654
 -7496
 -15703
 5569
 -19552
 19742
 15166
 10499
 7674
 -29178
 29565
 31281
 25927
 -2020
 1534
 -18393
 -22513
 -19279
 -13479
 -8401
 -1914
 11816
 16081
 16925
 -9733
 -28831
 28490
 -31557
 -6954
 6916
 22295
 -8853
 17695
 -28336
 -414
 17858
 -7792
 -17871
 29333
 -29933
 -16156
 29923
 -17295
 2254
 -3726
 -4259
 -26163
 16243
 -5160
 31166
 -12202
 -11866
 -17844
 15177
 25920
 26890
 22038
 -333
 30451
 19026
 -22365
 31390
 1602
 -20148
 12597
 24076
 22451
 16109
 -1127
 13805
 2794
 17348
 -32229
 27661
 9535
 25280
 -23587
 26260
 -9445
 -29169
 23564
 -12716
 -5438
 -8169
 -26864
 28469
 -1323
 9387
 27029
 -23132
 -26106
 26125
 2546
 -11013
 -8842
 18504
 1945
 -10688
 -861
 -16077
 4684
 -3641
 -3061
 -22990
 20175
 -16437
 2709
 -18876
 3474
 -5036
 -4965
 -10860
 20036
 23543
 -26380
 -9507
 14667
 -11683
 -10161
 -9433
 23375
 23681
 18804
 21727
 16380
 3649
 -7826
 5854
 -28970
 -30933
 13522
 8212
 -28765
 24242
 19795
 -4373
 16777
 8280
 -24585
 8075
 -222
 -30333
 -24415
 -16666
 -14193
 20818
 -2186
 -31636
 9338
 24687
 -4665
 28114
 -20827
 21632
 8609
 -14629
 14637
 2014
 30106
 -22109
 22545
 31742
 -18898
 18012
 24574
 26715
 -31435
 -20146
 28114
 -20544
 -30219
 -4501
 11747
 4325
 -17027
 -17249
 14779
 13464
 26917
 -14370
 -10808
 -2367
 -7345
 -23858
 21679
 -10488
 -1840
 -18119
 -6555
 23195
 -18190
 -15545
 22652
 -18754
 -28547
 -31122
 19987
 11262
 -21543
 -5601
 24013
 -6111
 17520
 26133
 9010
 -30217
 -2591
 12878
 9173
 5220
 -1391
 -8080
 -15589
 17232
 31185
 1531
 20908
 -11713
 32567
 29808
 -23872
 24983
 -6536
 -16387
 821
 7623
 14569
 -22427
 31283
 32590
 -20014
 23875
 6623
 32243
 -22
 7839
 -14747
 -11978
 26300
 17893
 27334
 -24711
 11491
 -16949
 -7889
 24486
 -13425
 -11944
 -13509
 28903
 18343
 13310
 10981
 -17962
 22706
 10249
 24251
 -32630
 -28364
 -3945
 -12415
 -15910
 1312
 26377
 -467
 -9883
 21827
 -31294
 -21080
 -8130
 4326
 -256
 21334
 -16355
 -15787
 31832
 9230
 19551
 396
 7972
 -10795
 -6328
 -22883
 -12961
 20404
 29451
 13890
 -13298
 -12728
 16738
 28609
 24890
 -24701
 32696
 6392
 8896
 -22838
 4377
 -6199
 25916
 -9277
 -7962
 17917
 15991
 23847
 -27155
 27512
 -15317
 -1292
 7418
 23277
 15541
 -15602
 -17671
 28417
 6854
 9499
 -9931
 -9354
 21434
 -3174
 -31327
 25556
 25641
 6136
 -3050
 -4902
 10735
 -8331
 -27827
 -4318
 10865
 19650
 -21093
 -22416
 21814
 30189
 -18955
 -21858
 7849
 -30456
 -14701
 11649
 -24451
 -729
 26305
 -10890
 -9767
 7645
 -8259
 10100
 -20840
 25346
 27859
 -13902
 3401
 -27273
 25348
 -3702
 16703
 28442
 26052
 -28145
 -29781
 -28335
 8638
 21760
 4855
 3850
 8429
 22267
 -9840
 5007
 -8126
 15664
 9957
 27338
 5751
 547
 17512
 -19195
 -18324
 8281
 -11738
 -27065
 -18748
 -15314
 27645
 7258
 -12976
 -15857
 -24041
 -17472
 4112
 -17151
 25101
 3850
 -22844
 10734
 5775
 14777
 -22378
 17749
 16725
 -17225
 15003
 -5858
 -27756
 -1456
 17868
 -25979
 9453
 -10097
 15499
 20280
 -17419
 4332
 -28099
 -18359
 -922
 -24644
 15541
 680
 28576
 30597
 -7451
 -2002
 19777
 -10883
 -19024
 -13522
 28733
 17809
 1463
 -6402
 6495
 24102
 -2282
 9700
 16949
 8475
 -26089
 -23966
 5609
 25156
 -2332
 -9973
 2741
 5103
 14169
 20710
 9189
 -2846
 -24758
 -18422
 16048
 -19189
 4979
 10276
 -19372
 31697
 -20323
 -24470
 -11969
 25950
 30480
 -30393
 -29279
 -27728
 -24712
 -2690
 31250
 -8612
 -7225
 14858
 -5063
 -7110
 12660
 12754
 23492
 22669
 -27733
 -3545
 -25394
 -29295
 648
 18093
 21808
 2206
 18995
 10768
 -31425
 32054
 22031
 -3459
 -24853
 -12227
 -23504
 -5707
 -25785
 -10740
 2113
 4013
 -27518
 21346
 -13697
 -8423
 -18738
 -21312
 26103
 3199
 25247
 25228
 32
 -17730
 7138
 -28600
 -5356
 -5469
 -31625
 26634
 9120
 9423
 6149
 10713
 -4905
 26143
 26391
 27678
 -20054
 -840
 19768
 -5295
 8260
 6152
 516
 11785
 -21030
 10736
 -2356
 -21838
 -14936
 -14328
 -28781
 513
 20878
 16931
 -13616
 -28997
 -6417
 -8449
 10719
 11242
 27472
 -4923
 2983
 9064
 3008
 -13542
 -28852
 -8662
 -20938
 30915
 31281
 6585
 25429
 17450
 23130
 713
 9530
 -17627
 -9351
 12856
 -9991
 -21904
 4995
 15641
 8071
 -7024
 -12153
 2497
 18784
 -23883
 7326
 -32038
 18917
 -26666
 11059
 29626
 -8825
 30222
 -13322
 15542
 30926
 -5759
 -3984
 -4188
 26397
 -11795
 -17194
 31082
 -8636
 3787
 -9362
 -2882
 -22337
 -7480
 -8955
 -30786
 -5776
 3192
 -29012
 20349
 24938
 -11316
 -24265
 30748
 3549
 16286
 -25545
 19587
 -26950
 -15562
 -19343
 -18090
 -9090
 -3051
 -3839
 1602
 17025
 23937
 28731
 -724
 28107
 -13126
 -7106
 5715
 4082
 3956
 8319
 -3189
 -28761
 5920
 -25938
 -32130
 26849
 -16518
 -13001
 -20766
 4789
 15457
 -4059
 -27848
 -16614
 25918
 16101
 20327
 12371
 18476
 19666
 -30673
 8120
 234
 19667
 -12296
 11181
 7154
 -25754
 -19952
 23332
 -22376
 14673
 -11830
 8102
 19396
 1760
 -3645
 -22036
 2286
 -15921
 4930
 -10851
 -14975
 -29932
 25004
 -26868
 -19485
 -32035
 9728
 8603
 27439
 -21455
 -10201
 -8967
 18940
 27682
 24694
 -3666
 -3965
 -29909
 13254
 7172
 8865
 13566
 16780
 -30552
 -32438
 -4512
 -23479
 -32644
 -10160
 -31815
 589
 10188
 -31369
 -6929
 -12405
 17224
 -12701
 -28144
 16329
 -7484
 -786
 1097
 -9433
 3398
 -15429
 12308
 -29897
 -22336
 -856
 20974
 20479
 6480
 23074
 26291
 -12951
 -6244
 -1173
 -10216
 10937
 620
 4374
 13977
 7510
 4181
 7984
 25840
 28176
 -1159
 -4956
 -32258
 -15147
 -26701
 30472
 6089
 23787
 5856
 29895
 24033
 19437
 -16992
 28171
 27907
 30642
 7750
 -24298
 -32129
 22990
 10031
 27469
 3617
 -3880
 26942
 -10293
 -24467
 -30121
 20131
 -15104
 -27216
 19107
 -14257
 3077
 -30103
 -29946
 -7248
 15301
 -5284
 13397
 -13451
 -3440
 -20530
 7873
 -27453
 -2141
 -20890
 3417
 32403
 -10108
 7861
 -6386
 -12007
 -11941
 10879
 -23801
 -11737
 -15736
 -3180
 -13831
 6739
 -25933
 27690
 -19585
 -2261
 -27406
 -30818
 6131
 -26674
 31595
 2364
 -18930
 2075
 22410
 -19109
 11544
 -7900
 26073
 -32610
 25113
 30507
 28249
 19022
 -21868
 -25962
 -6855
 -15256
 -20990
 29887
 6712
 -31664
 25451
 7088
 -17774
 21155
 -3432
 29538
 26315
 -19539
 6537
 -28321
 26207
 20245
 26251
 -5874
 -15649
 7590
 -14475
 -28426
 -25848
 -24135
 26935
 10729
 -32199
 -15712
 -770
 -15113
 -21644
 20077
 -26767
 -15359
 31645
 12279
 8891
 -19252
 -10167
 12003
 19995
 -12015
 31363
 26537
 -5169
 -10900
 9282
 -9899
 6606
 5435
 242
 -1447
 24462
 8183
 -8177
 20013
 17363
 -13834
 29900
 11622
 -32440
 -24098
 7861
 -25470
 17130
 26152
 -4800
 -25680
 20380
 3952
 -3528
 -12301
 -845
 -1300
 -5023
 -27194
 -8993
 25187
 29933
 25859
 -14891
 21406
 -4538
 11533
 -15037
 27794
 -6291
 -29296
 1864
 424
 22328
 12112
 -14715
 -25485
 -11951
 14604
 -31809
 13148
 -13261
 -26709
 -30309
 -10716
 -23779
 -12021
 3412
 -7254
 18427
 -23617
 28578
 28036
 -22564
 26595
 -6634
 24999
 9642
 18823
 32752
 -10677
 29495
 16736
 6347
 29022
 19862
 -32647
 -19453
 -25702
 10504
 6893
 23640
 -30244
 18603
 -21049
 21415
 26826
 -21336
 -20903
 15779
 -3526
 -11193
 15308
