 -27731
 -23766
 -16231
 15736
 8554
 -20598
 -21680
 -6826
 20245
 -22873
 8597
 -5608
 746
 -31338
 1048
 14481
 13644
 -9817
 -22709
 24262
 -32190
 24629
 18648
 -26078
 14472
 1657
 -22773
 11850
 -23406
 -28123
 -9860
 25359
 7408
 20315
 8030
 16441
 6123
 14553
 -3006
 20308
 11472
 -15511
 9777
 -20890
 -8077
 -22603
 9049
 -23152
 -19424
 20989
 -7818
 -29289
 189
 -25819
 11158
 -20153
 -23438
 -31410
 -10037
 12556
 -11617
 15496
 16634
 18469
 1645
 -32012
 21084
 -7878
 20563
 25561
 21051
 -20130
 772
 21572
 -4464
 11846
 13906
 28367
 3060
 14981
 -23734
 28370
 26826
 -21585
 410
 6130
 -13746
 15016
 8034
 19298
 6499
 -7773
 -24025
 20891
 -7895
 -31669
 2726
 -19424
 28089
 -1134
 -21756
 26544
 -30831
 -12028
 -20372
 8251
 22282
 9374
 -16082
 -7453
 -13538
 6420
 17399
 29979
 -31168
 14635
 5537
 7706
 -6965
 -17894
 23306
 -22405
 -3914
 21114
 13310
 9650
 -26164
 -281
 30049
 -22263
 21348
 -12181
 2228
 -30422
 -26889
 17801
 8273
 -11725
 28581
 1453
 -22604
 -3572
 -20126
 3606
 31646
 2120
 13406
 5766
 3159
 -2622
 -12090
 10793
 -15240
 -24336
 7521
 -28274
 -16970
 186
 -25954
 -20572
 -21758
 9499
 -1932
 -5864
 21623
 -26261
 -24524
 -16395
 9833
 -17250
 32553
 25172
 -12705
 -8098
 21795
 -22672
 15695
 -12676
 11893
 20689
 -18626
 -15041
 9927
 18338
 3471
 -27489
 18308
 22176
 4381
 -27105
 12704
 -32676
 19171
 24426
 -9871
 1486
 -22383
 4077
 26588
 17241
 4194
 24290
 7152
 10156
 11699
 17470
 -17858
 13443
 -32226
 24633
 -13734
 30980
 13215
 -11005
 -14047
 26771
 21096
 -9802
 4344
 10767
 16020
 28943
 23170
 8342
 30993
 -5057
 -17219
 -14004
 -22874
 -32587
 22192
 -15487
 -23568
 32693
 11859
 9725
 6983
 -13443
 25419
 14358
 -9386
 -14340
 -5084
 -13211
 22350
 -5467
 -13246
 20199
 14261
 32418
 -9783
 25520
 3652
 24668
 7771
 -16711
 32580
 -5666
 -28447
 -25283
 24140
 -1052
 28443
 -2392
 15504
 20661
 26160
 -28384
 19015
 -22817
 22541
 13066
 23356
 11150
 25476
 -22073
 -17622
 -3477
 26335
 -5749
 -24035
 29206
 31250
 -23727
 22856
 12204
 -8504
 -461
 14335
 -11932
 27529
 26136
 -18628
 -13857
 -13142
 -6453
 -3330
 14364
 4123
 31410
 20423
 10397
 -1160
 -18712
 -22115
 11399
 -20215
 -26349
 31547
 -31765
 -19948
 13644
 32618
 -5422
 3957
 30614
 -17749
 18692
 -1810
 -8303
 7959
 2396
 -919
 -18436
 -14644
 -24384
 4658
 -4398
 15310
 -23893
 17839
 -19472
 -24987
 28160
 7353
 -10138
 -3906
 28076
 -26068
 -27746
 7913
 -2697
 -15355
 18921
 -12519
 19148
 27041
 11958
 -19631
 -11052
 22125
 -26569
 -16557
 17595
 14328
 -24844
 2808
 3784
 10425
 -22417
 -11801
 8460
 3290
 -24708
 21043
 2008
 13719
 15884
 14252
 5365
 -23334
 23809
 12842
 8516
 -29200
 29081
 -25159
 -22538
 -24305
 31776
 30554
 -28343
 22175
 -15928
 -2907
 -8719
 12442
 3212
 -12489
 -27840
 24460
 8924
 -4686
 -16254
 15748
 5868
 24227
 -7249
 -14010
 -13283
 -28806
 24980
 -24710
 7838
 2212
 -27912
 25716
 -8049
 29350
 27697
 6488
 -20768
 -6249
 -15493
 -19134
 -30113
 915
 26788
 -8930
 -3029
 9754
 10526
 -430
 -16500
 5195
 -13342
 -13397
 -14057
 -20063
 -8152
 13588
 19899
 1434
 -18364
 21060
 22324
 -3266
 -4627
 28556
 -17207
 -15294
 -23305
 9921
 -15820
 22841
 -3205
 -1387
 -12650
 -17626
 6144
 -24666
 -1405
 22823
 20485
 863
 27388
 -10688
 29527
 -2118
 -14891
 6955
 29910
 -11243
 19030
 27421
 -15614
 -25511
 30369
 19201
 13126
 -25353
 -12720
 -13687
 -27347
 32323
 -13837
 -28408
 -15614
 -9323
 20982
 -26494
 26877
 17139
 -12776
 -22935
 8339
 10205
 -30731
 16672
 25400
 -18544
 -26356
 31166
 23170
 21551
 21970
 15045
 2236
 28492
 -30522
 -5802
 -13866
 32058
 -7181
 -24878
 -22334
 -15967
 -5382
 1840
 1715
 58
 24327
 -6369
 -29906
 -13452
 -13418
 18398
 -10277
 -5668
 29155
 16391
 22288
 -19920
 -15421
 9075
 -20183
 -30796
 14354
 -15229
 -20047
 3466
 -31080
 -22895
 31729
 19311
 -27574
 26740
 -14795
 -10564
 23625
 24990
 31255
 -7287
 -22731
 -30973
 12371
 12899
 -29290
 -2586
 17925
 22719
 -19674
 20283
 -2584
 -3560
 7453
 25032
 17931
 -22677
 -32331
 -3750
 -13627
 16939
 -3235
 20692
 17516
 120
 22604
 1859
 -26655
 23347
 6080
 1726
 -6202
 -25216
 2598
 13631
 -6479
 -14500
 26708
 -7983
 -25945
 12440
 21402
 27596
 -12398
 -13807
 -9383
 -3176
 894
 -4230
 21268
 17146
 -22283
 8861
 -22143
 -30448
 -18149
 -1680
 -28965
 -5289
 -17837
 -4368
 -16870
 -16530
 -2925
 -20130
 12324
 14098
 -23860
 583
 -16805
 -26169
 3103
 10307
 -16742
 -11444
 -27798
 23313
 -291
 -2750
 -7421
 6504
 23329
 -32412
 -24091
 13930
 -6161
 -5834
 4576
 27247
 -2173
 -29021
 26888
 22651
 32551
 -10114
 15893
 -15062
 -14152
 -29299
 -8073
 -18113
 -28264
 5146
 11528
 2482
 -5902
 28179
 -11823
 -11190
 8852
 -32260
 20364
 27534
 22844
 -7463
 30142
 16732
 -4993
 16430
 11468
 -3698
 -18057
 18067
 -2015
 26882
 -24862
 -25709
 -5406
 -20739
 -9289
 22476
 12589
 -3122
 15666
 -12755
 29456
 2478
 -15392
 -29433
 16170
 4937
 22563
 -1478
 -22957
 -1563
 29566
 -680
 -30020
 17800
 23944
 -22102
 299
 26454
 29948
 28773
 19562
 21240
 22749
 -28597
 5503
 5274
 -12246
 4452
 -5623
 -13226
 14325
 -26118
 -21820
 -8983
 18270
 -24851
 -20494
 27325
 -32312
 17498
 -9283
 -4897
 -19609
 20732
 -14451
 -26311
 17862
 -17179
 -14920
 1344
 14314
 2586
 -7680
 -13683
 -11147
 5408
 -31167
 1942
 -11670
 -12251
 9262
 -13290
 -17140
 16699
 5822
 919
 11352
 -5622
 -20879
 32673
 -17397
 -2133
 -30413
 -7762
 -30614
 20682
 -22376
 -2027
 -16449
 4501
 104
 6336
 -17897
 14490
 -21343
 -18923
 32059
 12257
 -30714
 -32420
 17776
 -26872
 25925
 -21339
 -21178
 16681
 -17581
 -28237
 -2832
 -16510
 1331
 -20460
 6608
 -31585
 -13483
 -21720
 7456
 -22904
 14053
 9208
 32283
 22988
 17507
 15731
 -540
 -2405
 12188
 -25293
 14090
 -24490
 1089
 24984
 28952
 -2513
 17347
 26244
 22882
 6625
 18298
 29935
 -20969
 3502
 -16331
 20074
 31138
 10596
 -30553
 -30972
 -5112
 891
 -25390
 1591
 -15165
 10505
 9056
 -28791
 -9398
 -8764
 16549
 -9929
 3796
 -19621
 11407
 8811
 9923
 -30008
 10231
 25469
 -20159
 -17565
 2469
 -3061
 4319
 -15766
 19388
 10895
 25082
 3545
 -2503
 -443
 8063
 5404
 -21046
 -19508
 -10889
 16160
 23027
 526
 20612
 6247
 -13595
 -3933
 32441
 12351
 32015
 -20001
 26348
 -20293
 17386
 31012
 -24172
 1053
 31168
 12981
 28841
 -7970
 10953
 -26660
 6627
 13654
 30816
 21763
 -19831
 8326
 15404
 -18948
 -14768
 26537
 12055
 -27193
 -13550
 -15347
 -26014
 227
 -9766
 -19243
 21845
 -27997
 -32598
 10552
 -20842
 886
 -743
 -5272
 -27298
 28874
 -24266
 3232
 -10917
 -30610
 22130
 12324
 -6256
 -18617
 26733
 16373
 25878
 27306
 -5626
 16595
 9279
 27150
 17419
 -9992
 29793
 18396
 28950
 5497
 5043
 2708
 862
 28662
 -15722
 -23452
 -9887
 26525
 -11891
 19744
 20386
 -8022
 -10677
 21132
 -4629
 -26577
 15852
 -21298
 2386
 -4390
 17342
 12236
 6522
 -2425
 -21172
 -29487
 -5070
 -21776
 -25222
 2011
 -9755
 -5213
 -17410
 22130
 26213
 3408
 -30785
 -2814
 -23512
 28334
 25570
 30446
 -20094
 29852
 -24773
 7364
 15777
 -17779
 11244
 1483
 -14982
 18196
 21626
 17567
 -24173
 13244
 1326
 9119
 1711
 8873
 -25957
 10606
 15698
 29845
 20073
 -14340
 -14999
 -6278
 1991
 -28552
 -14808
 -11207
 -25167
 9575
 -14404
 22677
 -27326
 19876
 -27578
 12603
 -13410
 -20786
 -7460
 11466
 12856
 6032
 5678
 559
 -18056
 -30744
 -912
 25482
 -29595
 -9054
 -7765
 32404
 -13894
 4697
 -21489
 -15827
 9067
 -26648
 20804
 -1793
 12574
 -3610
 -23624
 -10115
 23822
 -6448
 9819
 26063
 1329
 -29676
 209
 -20231
 1979
 577
 27203
 -5380
 -32046
 -28949
 -16112
 7324
 -6368
 -27812
 -5404
 2191
 26153
 9120
 -25061
 -6718
 -30532
 13968
 -12183
 -31129
 23994
 -16530
 -12162
 -13059
 1996
 -15312
 -17321
 -24152
 1665
 15445
 -4020
 -9577
 9075
 3951
 -3882
 3861
 15310
 -11670
 6045
 21560
 -10567
 1911
 16516
 -4996
 31365
 -10509
 -24009
 2558
 19218
 -31254
 -7828
 25779
 3904
 -23258
 10199
 -11926
 13160
 -31517
 -29219
 21528
 -28157
 31094
 -21543
 -29423
 15327
 -5779
 -6823
 20853
 -5218
 -1405
 -13851
 16231
 26615
 -1416
 -8825
 -32201
 11631
 -16278
 28627
 10396
 -386
 -5257
 13819
 -8329
 3405
 1505
 28474
 28380
 28006
 -17388
 15726
 -18810
 -11729
 -2613
 2967
 -30888
 -1674
 9761
 -8572
 -22367
 12561
 -25109
 -9017
 -6048
 15188
 -4414
 -5285
 16634
 21150
 -29952
 -19538
 27291
 -24831
 17158
 11337
 -11189
 -12118
 23231
 -17364
 -1889
 -15992
 -16966
 -6511
 -32565
 16906
 1726
 -820
 27744
 -10774
 -18747
 25038
 -27873
 -7404
 9986
 22515
 15316
 2718
 -29773
 9257
 -1676
 -17611
 18289
 3401
 -18463
 -10451
 -28208
 -32220
 -29267
 1244
 -16567
 11944
 -26306
 -24390
 -22
 -809
 -32129
 -6154
 16133
 -10445
 31906
 -15260
 306
 9087
 -7902
 21421
 -30300
 -17993
 -14288
 3846
 -10816
 5029
 -2614
 15621
 4160
 18726
 31985
 -29220
 -2431
 15229
 -27303
 6921
 1259
 -20215
 -12468
 30244
 23039
 -11601
 23477
 22813
 -30193
 17194
 -24757
 -22094
 29989
 -4972
 22073
 32040
 -19983
 -12720
 21145
 -32700
 -27511
 -25885
 6962
 10993
 28836
 -6210
 -31462
 4623
 19927
 14860
 -15388
 -7764
 -9962
 -9399
 23773
 8597
 3449
 -8481
 2387
 7872
 28068
 11494
 23056
 -14969
 4158
 10309
 -10951
 -176
 27218
 -9677
 -21998
 -4712
 25536
 -947
 -8671
 -28027
 25434
 6009
 -31545
 25621
 4564
 -876
 4757
 25164
 -21060
 4998
 8378
 9134
 25179
 -27227
 -3594
 21677
 11445
 3492
 26885
 -15693
 -28249
 16606
 24529
 32022
 -3448
 7247
 -3412
 -11905
 24981
 -15507
 5487
 10645
 -24532
 -5995
 3615
 24650
 16768
 -20949
 -10593
 -17475
 -29189
 -11129
 -14371
 20171
 13026
 -25524
 -30496
 6795
 5986
 -275
 5586
 -10066
 -25674
 -23748
 14274
 -2549
 -11578
 -11576
 15503
 -10967
 -25857
 -17558
 26026
 30555
 16786
 -1625
 -1856
 4256
 22063
 -15985
 -25505
 501
 -28273
 17115
 26307
 -18735
 -31766
 24132
 -22274
 30179
 12463
 29847
 25899
 -13573
 -3076
 413
 -8168
 28015
 26415
 9604
 25062
 9617
 9933
 -8022
 -18084
 -23642
 4238
 -3199
 18996
 31099
 16609
 4299
 22728
 -20374
 9950
 -8383
 25460
 13504
 -24719
 22614
 6120
 -27756
 -27911
 28636
 -18438
 18600
 26578
 21969
 -1182
 17009
 30615
 12301
 -11226
 -32031
 -27406
 -26634
 -27765
 -32620
 22937
 -10448
 10827
 3199
 -25707
 -20251
 -25974
 19639
 -27655
 31156
 26464
 -27292
 -25354
 30800
 -26973
 29840
 -28934
 20384
 -25292
 -17969
 3037
 -12554
 5476
 -4189
 32011
 26576
 -20077
 -7279
 -32498
 25112
 -21342
 3731
 29088
 31540
 9951
 351
 -9177
 28475
 21328
 -29025
 23803
 15038
 -1688
 726
 23078
 -28580
 -22989
 32497
 -23306
 -21131
 -8728
 1696
 30829
 -4797
 14178
 -12914
 25104
 28269
 -10370
 10062
 14502
 -9226
 25418
 8865
 -23191
 19898
 -28802
 14551
 3569
 371
 -5325
 -24412
 -31470
 -12765
 -5021
 3675
 23313
 -22972
 7847
 -215
 -27086
 -24568
 18155
 -25019
 14333
 14484
 -12436
 -17733
 7787
 -1668
 16367
 21496
 11908
 -18684
 -4142
 -29140
 23935
 3879
 26016
 19564
 -24992
 -23409
 11646
 26896
 -25987
 18509
 -9750
 22214
 20067
 1784
 -19383
 -26943
 -16902
 -10807
 -7957
 -27010
 21174
 17615
 14384
 -25382
 -26398
 -25502
 17495
 22514
 26099
 31799
 8405
 -10528
 -26529
 -12780
 -21249
 9018
 5935
 -1136
 -11370
 -27983
 14733
 -23755
 -23664
 -4382
 -32146
 -21595
 26617
 -15487
 7939
 2914
 21591
 -531
 -4660
 29149
 448
 14176
 -3685
 -15102
 17897
 -4264
 -7329
 -20752
 9322
 -10882
 14719
 -31521
 -5498
 -13818
 20352
 13040
 -15853
 7021
 -4242
 -10305
 -11721
 27889
 -21942
 -6926
 18553
 -12364
 -13985
 15397
 5636
 -28180
 11966
 32627
 18180
 29455
 26896
 26149
 -9089
 -23641
 13886
 2809
 16798
 -23549
 4301
 9451
 29481
 24661
 -25904
 -1747
 -9044
 -21189
 -4871
 -11234
 -24970
 -23733
 -32715
 7478
 -29481
 17128
 -18812
 24395
 6323
 -18686
 -753
 9244
 -29885
 -7554
 -7030
 -28110
 -30320
 -10052
 14438
 -30564
 -27660
 8188
 15568
 10825
