 -16888
 12632
 17761
 -31065
 -15190
 15942
 13762
 -1941
 -26660
 25172
 6095
 -6133
 13153
 31374
 -32519
 12709
 21308
 25130
 32335
 3300
 -20167
 8375
 1974
 18520
 -24071
 23792
 -24851
 -1958
 -29826
 -9761
 -18649
 -16450
 24561
 5638
 -4330
 27486
 -14512
 -31311
 24726
 26000
 -28719
 -15143
 17671
 -18976
 -3410
 29688
 -14543
 -21280
 -1423
 6735
 -31436
 -7593
 -3739
 -29378
 -32402
 -23872
 -23274
 -31973
 -11079
 16457
 4556
 4540
 -9206
 -29226
 1843
 -12283
 -1104
 19468
 -30888
 -32464
 -13529
 -26514
 -23704
 28346
 -10869
 -1552
 -6943
 22552
 13428
 -28143
 -13000
 -15361
 -10272
 28645
 27369
 -3966
 -438
 -10724
 11897
 17596
 1000
 -22234
 -14606
 -19739
 20471
 4009
 30756
 -2706
 -17950
 -2894
 15305
 -780
 -23743
 -1095
 -24301
 -12118
 3722
 -23275
 19653
 -20707
 -28761
 -6542
 13373
 14864
 25032
 19514
 17818
 6661
 5333
 3968
 7765
 12492
 9953
 3018
 6662
 20932
 1176
 20623
 1499
 6125
 -2747
 -30303
 -12120
 -16649
 8262
 31759
 7489
 1603
 16763
 -3035
 -20180
 23963
 -6044
 14899
 11598
 26127
 10123
 16094
 -18065
 -28063
 -7324
 -14238
 -22864
 3922
 32288
 26038
 14231
 8559
 -12530
 21793
 -17539
 15952
 -7433
 3183
 -17545
 -8501
 17203
 -24309
 -2423
 -14487
 17825
 -18637
 -14553
 22901
 -25252
 20794
 -20397
 -19953
 20165
 21334
 10553
 23128
 4663
 -9948
 -17789
 2642
 -24843
 9275
 -13481
 15888
 19778
 11767
 20832
 -29974
 16652
 32245
 -3977
 11837
 -11539
 9373
 6669
 -5045
 -14630
 29927
 16580
 20193
 -27088
 -19708
 2751
 32508
 -13145
 9025
 26199
 5061
 -21898
 -6776
 25764
 16078
 25577
 -17756
 4527
 117
 18265
 25571
 -8542
 -30222
 -19655
 -2710
 -19870
 27858
 15636
 4248
 16419
 18409
 -27125
 -3146
 13747
 4421
 -24531
 -10977
 2062
 -10636
 -31587
 -10806
 -9669
 30034
 28696
 4769
 -20388
 -5519
 10383
 -1021
 -23130
 -31435
 -2409
 -26076
 -3100
 25676
 31957
 -5601
 26435
 2605
 -3055
 -10097
 11154
 -6705
 -20635
 -17676
 -15484
 -19613
 -17810
 -30285
 14575
 -11994
 -16628
 26374
 -16579
 -31627
 -12632
 -17438
 17736
 -27453
 14274
 -23415
 13096
 23231
 -8106
 -8054
 2024
 -14016
 -16459
 -22738
 23089
 17645
 -7912
 -6936
 -24892
 26352
 27928
 -30245
 -2092
 -84
 -13083
 9108
 -7047
 23294
 -945
 31694
 11465
 -25538
 -4314
 -25087
 -29010
 14787
 8168
 4284
 6821
 25147
 -29725
 15620
 19600
 1032
 -21647
 24246
 3570
 -27805
 22408
 13156
 26464
 -27777
 4244
 -4817
 -20014
 -27001
 9328
 -7606
 -8187
 -6336
 -16609
 -15100
 -9772
 -1354
 -27241
 22180
 16352
 16774
 -11184
 -4445
 -1561
 242
 -698
 10992
 5428
 -21452
 -30921
 21488
 21282
 -26504
 -8495
 13895
 -31399
 22522
 -31060
 -18196
 -16511
 -27566
 5585
 -28504
 -28203
 19593
 -6197
 24842
 22178
 -23272
 22512
 1683
 31459
 26258
 -5222
 -18314
 21828
 -29199
 -25382
 3811
 -5601
 -30641
 -23993
 -12210
 -13182
 14292
 -10731
 16719
 -22927
 7761
 32398
 -893
 20622
 18216
 10215
 29878
 -24421
 29406
 25208
 22766
 -1822
 -31398
 12423
 5115
 3946
 -29548
 30139
 31719
 -12574
 -15240
 25961
 8729
 -30418
 9563
 9763
 6750
 -6138
 -19673
 6578
 -14294
 -26074
 32766
 -25255
 25470
 6090
 3973
 28184
 24347
 28846
 -5649
 -26801
 -9240
 66
 12145
 -2836
 -14802
 -21819
 -9382
 5850
 -13197
 -32188
 2279
 -8519
 -15674
 11508
 -14033
 -20152
 -11489
 31102
 -1371
 -24582
 -1484
 556
 -17581
 300
 20638
 30992
 -19758
 -11510
 16959
 -24989
 15620
 -21618
 22627
 -24568
 32027
 27948
 6430
 26112
 19945
 -22088
 20529
 1273
 -26073
 -31565
 25537
 27898
 -3809
 6329
 -2898
 -25146
 -29651
 -29885
 -32165
 11532
 -441
 27822
 -8329
 24825
 -503
 -16700
 16223
 -27759
 -30924
 29472
 -3446
 -5633
 30597
 16991
 21786
 6624
 18166
 8177
 -8995
 -32358
 -4785
 20995
 7038
 15450
 -8700
 7343
 10246
 28645
 13191
 30160
 12990
 -21575
 30981
 -18076
 -9011
 -8915
 17651
 -30013
 -26925
 -17671
 14704
 -5990
 17928
 22896
 -2009
 11149
 17447
 -23498
 21512
 19558
 -30549
 -26722
 18774
 -1698
 -19065
 -7635
 -29377
 -30597
 20614
 -6372
 -31729
 17884
 -29900
 -32010
 14070
 32
 -13612
 9459
 11198
 20465
 -13670
 26120
 2045
 -25050
 -18848
 30801
 -25566
 -13438
 -12279
 -13749
 -6504
 32491
 -28315
 3899
 -21490
 26497
 19981
 26563
 -9951
 17395
 -6931
 -9861
 1039
 32353
 -25771
 -29889
 1370
 -19286
 3467
 24155
 -7444
 24898
 -9713
 31329
 -9733
 -25656
 -13817
 -14327
 -16136
 22458
 -15369
 10096
 12649
 7178
 -22611
 -3101
 20630
 12283
 30072
 -29655
 6
 25240
 28657
 -32560
 -13231
 28411
 2658
 14279
 25009
 -14001
 13652
 4216
 11134
 25956
 23977
 -25403
 17638
 29486
 -23894
 -31201
 -24609
 -18263
 13003
 31760
 -1950
 16578
 -31482
 -11709
 -13613
 22269
 2771
 6329
 -19545
 17904
 -459
 27340
 1841
 13156
 22872
 -12788
 16372
 554
 -6484
 1404
 -11944
 -23510
 -13532
 -25098
 -25622
 32556
 -4751
 3386
 28759
 30789
 28150
 -5746
 18165
 183
 31066
 -3554
 11316
 -6920
 -14849
 28833
 4859
 8777
 -2083
 -28364
 26087
 6460
 10048
 27985
 -1132
 21046
 21538
 6731
 -31348
 -4855
 26340
 -16196
 30598
 -15766
 21203
 24572
 17143
 31208
 -14340
 3950
 2836
 6712
 8033
 -23430
 8709
 3190
 -26672
 26087
 11701
 -15043
 -8678
 -30314
 -5915
 28103
 -4447
 -1917
 -6872
 4475
 30807
 -4279
 27554
 -6843
 7220
 -22778
 -27653
 24884
 17819
 30063
 -13222
 -25655
 2581
 30927
 8843
 -28541
 15888
 -23208
 3116
 -3272
 29874
 -31728
 -4094
 26201
 -28461
 -17111
 -16825
 -12841
 8126
 -17306
 22839
 -27403
 15796
 -11470
 -2951
 -1737
 -25365
 -9795
 26835
 -31305
 24829
 -1131
 7971
 8542
 20235
 25589
 20671
 7432
 -14327
 23118
 -11875
 29836
 18486
 3330
 -4748
 -7585
 -9945
 10344
 2516
 25674
 30296
 31050
 8399
 7055
 1594
 -4965
 -11845
 -14696
 -2987
 32745
 -1128
 27661
 -23683
 3540
 -18317
 -15279
 18510
 20127
 11721
 26156
 30178
 -21118
 -29293
 -16237
 -1287
 24462
 25249
 4268
 -10790
 -25956
 7860
 -2781
 24044
 21787
 14862
 -26991
 -28917
 29311
 24007
 13819
 -22272
 -3539
 -27906
 8508
 10800
 5708
 7701
 -2689
 -23891
 -32571
 -10633
 29686
 24871
 -8029
 -4230
 23230
 19439
 22018
 -1565
 -15198
 25781
 2223
 -11230
 24558
 -7990
 -25574
 16924
 1159
 422
 27647
 -17645
 102
 4860
 -3951
 -1519
 15460
 -29323
 11140
 -7786
 -20190
 -29323
 -23891
 15739
 -6173
 5315
 -5434
 -7970
 28856
 -5515
 -15964
 -582
 26674
 -4420
 -10646
 3862
 -27426
 -22407
 -22119
 16777
 24350
 -9031
 29646
 -27907
 -21149
 -2779
 -9399
 -19134
 29670
 -13396
 22452
 31953
 20207
 25251
 -13304
 -21003
 30625
 -12995
 21189
 -2060
 -21554
 9543
 21784
 32471
 -10732
 -29389
 2076
 244
 -9189
 20272
 -10095
 591
 13126
 18208
 18044
 18055
 22419
 -1042
 7720
 -17118
 -13068
 21009
 29085
 -12034
 -10304
 -24888
 14774
 -31379
 19892
 31657
 -17968
 -31250
 6408
 22721
 20803
 -31089
 15327
 -8423
 30318
 5850
 -1852
 -22216
 22757
 31593
 -14405
 -31693
 1646
 14086
 32175
 -5551
 24028
 2053
 -7242
 15765
 26153
 -8234
 18882
 -2719
 -3013
 387
 23245
 5516
 -4113
 -5189
 -622
 3596
 -3947
 9322
 2602
 6167
 20127
 6949
 934
 3374
 -18982
 -24071
 14158
 20633
 22093
 -23708
 20120
 17356
 17496
 25277
 -9236
 -18703
 4616
 15383
 32665
 2593
 -14737
 -28837
 11992
 15357
 5688
 -17303
 1705
 12781
 29281
 20049
 -5257
 -6739
 -24869
 23371
 488
 19844
 -7476
 27828
 8728
 23519
 19450
 -26504
 -19084
 17102
 25233
 -31697
 32202
 13132
 -29093
 -5686
 -32100
 7041
 5304
 -2319
 16265
 -19688
 -17025
 26623
 -15230
 31882
 -28896
 21054
 22964
 5732
 28403
 26919
 31762
 -23059
 -8616
 22480
 -14817
 -135
 -9384
 6932
 25062
 -19214
 13976
 26681
 799
 24841
 17104
 30557
 14685
 -16723
 22842
 14187
 4828
 -24888
 23821
 -5151
 -27384
 -4014
 7196
 -3199
 31961
 -20692
 26153
 -28654
 15074
 18067
 -687
 -13827
 32236
 -19938
 -20589
 -20805
 2427
 14987
 -32261
 8716
 -5363
 2489
 -17096
 29446
 28164
 5301
 9373
 -29889
 -10082
 -12758
 -25920
 24556
 21480
 15236
 18047
 28811
 23674
 24796
 -2015
 -30494
 16582
 6553
 -4845
 28593
 3512
 -32399
 11786
 16987
 -32371
 -28637
 6728
 -14952
 -23577
 -23396
 20232
 24946
 -28256
 -32337
 7571
 -8296
 -11460
 -27113
 -23002
 -16870
 17340
 -204
 3770
 -26711
 -5820
 -16431
 -10108
 23223
 -14014
 29662
 -5043
 26372
 14683
 8452
 -3312
 29249
 8950
 10353
 -4794
 -31533
 -454
 -687
 12412
 24001
 -9042
 -10660
 -15556
 31792
 -1406
 -19632
 2999
 5358
 -14388
 10362
 7186
 15367
 -21357
 -12636
 21957
 15730
 -9671
 -19132
 -20017
 -19283
 32414
 -28623
 -7003
 -14583
 30006
 -23464
 31741
 17404
 -13668
 -27218
 -4598
 -8588
 498
 15382
 13506
 2518
 6900
 22666
 -6378
 -8186
 19680
 -15943
 -3302
 -16683
 16409
 -27405
 19598
 9154
 26937
 -5548
 9290
 3215
 13284
 -25808
 -15272
 8031
 -15701
 -24045
 -539
 4449
 -15361
 5431
 4338
 6241
 -7950
 -25424
 -7512
 -10335
 -12982
 -1979
 -6768
 -28817
 -20740
 -16972
 -2174
 29055
 -31007
 427
 -3503
 703
 -29037
 -6960
 18368
 22089
 27244
 -29379
 18650
 11277
 -24867
 -24735
 -8773
 -18797
 25811
 -20406
 4183
 -15803
 2546
 -3457
 -24783
 28350
 30399
 499
 -3261
 -19845
 23488
 23375
 -17696
 -28274
 27284
 -1781
 -32455
 -14582
 -9603
 945
 -21654
 -18021
 -23152
 12877
 25706
 -18811
 -10589
 -5413
 -16094
 8323
 -2134
 10623
 1713
 13733
 -12986
 4856
 25667
 -5518
 12907
 14837
 -28005
 3762
 32645
 30812
 30379
 22707
 -9282
 -12257
 14658
 -3122
 6048
 -5205
 20067
 3404
 7680
 6433
 -5295
 -22019
 2121
 16045
 28219
 5033
 -3743
 -14447
 -3526
 -32207
 -31001
 27902
 -32013
 22044
 8102
 -28080
 -8285
 17991
 -17157
 -3916
 -17356
 -11850
 -3736
 28580
 -25078
 13837
 20214
 11732
 -3069
 -22652
 21313
 -26940
 9544
 -12102
 -15904
 22039
 -16469
 14120
 13806
 6666
 -1453
 -24718
 -4896
 11711
 -97
 -9623
 17082
 -20136
 -20519
 13787
 15811
 -10716
 19785
 3641
 -17010
 10360
 31476
 -3250
 22966
 -16724
 -2825
 -12830
 25381
 -21234
 14469
 -16716
 6091
 -26357
 7765
 -20865
 30845
 -15955
 -31053
 -17675
 -8960
 12212
 22981
 7312
 -20396
 32362
 7500
 -27103
 -22859
 27615
 -28952
 -2250
 -24299
 12679
 13565
 -25095
 12471
 -2730
 28804
 -27392
 30633
 17347
 -2787
 -15509
 6549
 16328
 10556
 9154
 20375
 -17709
 16088
 21634
 -21236
 -14539
 27742
 9185
 -31955
 13159
 4089
 19845
 8304
 29735
 -2894
 -30657
 -18539
 -26215
 17568
 -28677
 10384
 11219
 -1694
 -6486
 12007
 -8195
 1384
 22707
 23393
 7223
 -22787
 31965
 -12547
 4946
 -25259
 -14339
 -31414
 -22508
 -26266
 -9731
 62
 9376
 26663
 -17005
 32546
 4208
 -12564
 -32582
 16315
 -20095
 -2342
 -27038
 -29197
 422
 12228
 -23560
 24939
 -20030
 -13837
 25868
 -4491
 -32639
 17553
 26481
 11602
 20909
 20160
 20251
 -20896
 2996
 6609
 8782
 -16036
 -28096
 11340
 -8313
 276
 -18102
 -5785
 14811
 4758
 -20223
 20153
 -16156
 -14168
 23441
 -25276
 -25371
 -15844
 31667
 -24545
 -30670
 -16470
 31399
 29094
 29713
 13189
 29380
 3384
 30905
 -18292
 17919
 -24757
 -7880
 17946
 -14870
 -23210
 -22786
 -23671
 -29195
 -6733
 -19175
 16060
 25106
 30817
 -1000
 -7588
 32613
 27667
 15891
 30044
 -413
 -25706
 4346
 32731
 -5907
 -28468
 4122
 29116
 -17969
 -4796
 -19191
 14424
 22892
 10700
 9149
 -7224
 11122
 -15127
 -14302
 22177
 30715
 -10022
 2094
 -19258
 1925
 24636
 -15188
 -6848
 -1382
 23737
 30147
 -20861
 7360
 -17333
 16481
 -17937
 -30436
 3333
 -22247
 -25721
 7697
 26249
 28504
 -19181
 847
 -22704
 9900
 7331
 -9867
 -31113
 -21509
 6608
 -6254
 -7320
 -21085
 3179
 24646
 25603
 18523
 -27554
 -29355
 9356
 -12981
 -29614
 -15830
 15897
 8414
 12259
 27706
 2788
 -25932
 26596
 -9617
 -29067
 29351
 27515
 -2586
 -11760
 -27196
 -11284
 -20224
 -26928
 23593
 24650
 -32739
 24489
 25375
 -5128
 25324
 9031
 21526
 -4605
 -24374
 3461
 -20486
 -25741
 -10272
 5272
 13244
 11151
 -1585
 19079
 -19762
 -16121
 -9211
 32548
 -31186
 -21486
 1579
 10521
 -4431
 2150
 29134
 -31542
 2440
 3249
 1749
