 -8585
 -18360
 -8188
 13601
 -22972
 -21601
 -7665
 -12800
 -8301
 -6030
 -15821
 16303
 -4611
 -3590
 -24598
 2370
 -12181
 -6638
 -28568
 -23367
 12323
 -11357
 3160
 24703
 -19976
 21127
 29189
 -10896
 -24401
 -12135
 30447
 -16316
 17377
 32574
 8017
 15131
 15555
 21193
 25645
 -8570
 -13037
 6201
 20992
 16739
 -8449
 7522
 -22742
 -14009
 8401
 290
 25014
 12348
 -18895
 14642
 16242
 27308
 -19552
 -20906
 21150
 25128
 32578
 -1474
 30557
 -4371
 -31549
 2320
 -3440
 31003
 21154
 -15177
 -23616
 -14275
 3629
 29392
 16971
 -17892
 1869
 -4938
 -30252
 -8868
 1265
 -21838
 4112
 -24083
 1794
 -20933
 -16038
 2976
 -19186
 47
 18064
 -27126
 -31249
 -3759
 25789
 -8898
 4736
 29091
 19762
 10738
 -15677
 19183
 -5340
 -6819
 -19318
 18190
 14639
 26234
 9215
 32733
 11657
 -9049
 -25752
 1627
 -4093
 10405
 30654
 -9523
 26705
 753
 18546
 -27029
 -32670
 31065
 9543
 -16098
 -32038
 -10711
 16974
 25089
 -12554
 20050
 -20866
 28147
 -11941
 -29185
 6900
 -15613
 31557
 -11150
 25295
 6043
 26476
 6325
 -4269
 3167
 -10647
 -9776
 -20489
 17442
 13143
 -27870
 -11527
 -6082
 4340
 -5779
 31206
 122
 21140
 -5175
 5403
 13935
 -21848
 1575
 -24140
 -14981
 -23637
 9850
 -30708
 6689
 23653
 26499
 3691
 26103
 -7687
 -3181
 -28658
 1214
 -770
 6802
 -32410
 -18695
 -31330
 9979
 -19046
 20407
 20051
 25904
 -2031
 8945
 1114
 -5783
 -11402
 5087
 924
 12616
 262
 -3387
 -11591
 15517
 -10743
 8290
 25436
 -6584
 23910
 14770
 -7455
 -3041
 -21343
 -31307
 22559
 -5894
 -1493
 -18455
 8919
 4811
 14879
 -32075
 11552
 22226
 -14255
 11386
 -28309
 9523
 27651
 -4761
 -18819
 -31174
 -7985
 27664
 -3771
 -11817
 -25659
 -28646
 -22848
 -16452
 15556
 17582
 -6411
 11132
 -4490
 28743
 11672
 -11257
 -27204
 13640
 -19073
 32376
 19004
 -11608
 -32415
 25262
 -21453
 -13887
 30512
 -27045
 -21931
 -12844
 -1559
 -22518
 5143
 18512
 30017
 -17902
 6390
 12178
 4845
 27040
 -17443
 -31206
 28800
 -9603
 13954
 -30881
 -20579
 12505
 27615
 -2281
 10837
 -11719
 -27016
 26107
 27276
 -10945
 15861
 28694
 -11282
 10960
 -20128
 -4299
 3380
 3166
 -19194
 -8525
 -9776
 -7862
 -2950
 -4087
 -17248
 -16133
 27182
 -2725
 -30249
 3452
 14118
 -26340
 -24186
 -13542
 -22146
 584
 1409
 -18840
 18890
 -14363
 28800
 31712
 13656
 -14805
 -32441
 -19251
 -8548
 23411
 -11640
 12708
 -32036
 -20490
 17265
 -5233
 30536
 23721
 -16077
 -28108
 26912
 -21165
 -22179
 10407
 32307
 -17171
 24773
 -23947
 -7702
 25734
 -30225
 -26030
 31686
 -24866
 -9033
 19622
 19073
 -22911
 9260
 29264
 21332
 -28837
 13217
 8581
 22042
 27530
 3861
 1958
 -23090
 -21294
 -9825
 28141
 10159
 11695
 14446
 -27225
 -2707
 -9977
 -30514
 12628
 -15675
 15681
 -1881
 29023
 -22670
 16039
 -5832
 8676
 -28076
 -18211
 29204
 7155
 -29391
 -24490
 -19244
 -2010
 5740
 26004
 15547
 -1815
 3152
 589
 12541
 -22920
 -28040
 20821
 -25444
 -32377
 4215
 24144
 26101
 -31640
 -9167
 8765
 -14729
 26975
 -29949
 3675
 14195
 -31146
 22182
 6537
 -23805
 -21642
 -31753
 -2719
 4990
 -21254
 -17219
 -3989
 8202
 26296
 -30929
 -683
 -8060
 -10698
 -4895
 30828
 -2501
 -30203
 28509
 -31774
 -2553
 -31453
 9363
 -2531
 -2968
 -5521
 22555
 19701
 -22816
 9359
 -17739
 -12496
 -1768
 -8734
 -5330
 2123
 -25661
 7014
 -29092
 27470
 -28786
 -20433
 25606
 15731
 19090
 6498
 -23670
 27179
 27216
 -7474
 -23277
 2396
 13463
 11747
 -25087
 -32007
 13668
 -31307
 30311
 25870
 -4457
 -1736
 -29733
 -1038
 -12472
 -15942
 31226
 -17867
 -26618
 11690
 -32157
 16944
 -15314
 -5745
 -22297
 -28058
 30030
 10633
 -18322
 25264
 -21966
 25015
 4134
 -29722
 -331
 -29986
 29755
 404
 -3152
 891
 21840
 29353
 -8291
 -8078
 5291
 1072
 -2305
 29975
 31615
 -24940
 -8313
 -17167
 6728
 20597
 -11024
 407
 721
 2035
 674
 -27191
 9324
 17868
 -9562
 -7719
 6019
 26058
 10393
 -24459
 -30686
 -23158
 25845
 -7276
 10621
 30353
 -32402
 -18453
 -2365
 31470
 -11141
 24568
 19096
 2206
 -24049
 -1032
 -22746
 10260
 -10313
 24301
 20144
 3090
 3635
 -27518
 -31454
 22792
 -7696
 -16738
 22247
 17903
 496
 18050
 3518
 -3638
 -12958
 8914
 3207
 6785
 -2636
 5685
 -10992
 -6198
 -8104
 29096
 22588
 -22125
 -2840
 -10619
 -26833
 10921
 1781
 3964
 14739
 6697
 7590
 4076
 -3013
 -23506
 2454
 -1868
 25095
 19727
 8991
 26495
 -26580
 -31873
 -11413
 -24860
 4818
 -3310
 11232
 12047
 28304
 22174
 -28593
 -8252
 20158
 9993
 4398
 9965
 -20876
 -26802
 9156
 -19655
 872
 7253
 21518
 -2590
 -16375
 -2621
 26551
 26278
 14946
 -22312
 15535
 13689
 7079
 15364
 23762
 -22242
 -24601
 -20457
 22008
 -2564
 -20076
 -15751
 -17219
 -9593
 1325
 16995
 13373
 8631
 3364
 2189
 -25246
 -19039
 -5099
 -22798
 -734
 -13343
 26339
 -23741
 25727
 24346
 -20291
 -10185
 -9584
 29213
 -27564
 23489
 -31269
 -5214
 25699
 -8641
 25953
 2203
 -4334
 -23282
 19391
 -21210
 -24098
 18981
 4220
 -31911
 13181
 -16743
 -10585
 13137
 20711
 -14692
 5860
 20119
 3876
 -24230
 -15581
 -31230
 -6881
 8016
 18218
 17957
 -27819
 5294
 -5639
 23864
 -16280
 18730
 -31270
 -11121
 15053
 29006
 -22837
 28090
 -28678
 740
 -8138
 -29998
 19047
 -28380
 -19784
 -10665
 -16616
 11899
 14193
 -7509
 -15867
 26629
 -1036
 -20478
 8775
 20466
 -10909
 -7408
 -31634
 -22716
 -5915
 7955
 -20772
 -21848
 30176
 -1741
 -2412
 -21969
 833
 1185
 -30753
 9444
 -12485
 -31314
 21109
 -3862
 22394
 -13642
 10689
 21654
 -13888
 31979
 -19297
 -4333
 -4934
 1924
 -31457
 -5755
 18277
 -99
 -16657
 -10787
 -23123
 20257
 -12571
 -16945
 -9527
 -32509
 314
 -13998
 4932
 -23230
 5577
 12371
 -32560
 15748
 4661
 -12399
 -26270
 -7291
 -12288
 6631
 -23470
 -26664
 6541
 -23276
 16706
 -12100
 -25759
 -20774
 26096
 3292
 -4568
 10676
 27888
 -3292
 -29297
 -22952
 13604
 -25480
 1749
 -6281
 5899
 3308
 30936
 32503
 -25229
 -21340
 -11949
 30145
 29453
 2121
 -9422
 -20994
 -7290
 15420
 -32439
 -26294
 -27209
 31897
 7160
 -9326
 23797
 -14890
 5082
 -5024
 -27570
 -19048
 29013
 -28524
 18252
 6736
 -24889
 28398
 -7529
 3759
 24964
 -19885
 -1562
 -11507
 12185
 11560
 18432
 -31038
 -4008
 23329
 28709
 4786
 -4483
 -475
 -25767
 -13401
 23397
 19917
 13536
 880
 -2559
 1973
 9179
 13419
 32297
 13828
 -10356
 -31020
 18593
 26004
 8242
 -6635
 -27978
 15526
 16774
 32306
 -31170
 -3752
 18191
 -32010
 20471
 -27756
 -1772
 -5695
 -5917
 -30561
 -16835
 -18531
 31929
 -7205
 15893
 -5859
 22081
 -29641
 -8391
 1361
 -32745
 27659
 -9723
 21423
 22636
 -17341
 -703
 3383
 -3057
 31042
 13712
 -29300
 21011
 13851
 23550
 -26847
 -26896
 9789
 -7029
 -19678
 26125
 22748
 -15176
 -29131
 1911
 7594
 8642
 25917
 23120
 -1277
 -13230
 -28656
 16827
 28985
 -6646
 -12545
 8479
 -15124
 -31160
 22720
 3045
 -12318
 2576
 18232
 -23895
 12396
 -16350
 29863
 -25129
 20158
 1657
 11309
 11286
 8450
 3841
 11114
 26088
 2701
 -30503
 -9754
 -15891
 -26479
 -10876
 13332
 23224
 6823
 3943
 15794
 5454
 11145
 18191
 -15464
 -31635
 -10323
 -32025
 8082
 -32313
 5162
 -28257
 -15234
 21080
 -1397
 1146
 32390
 -11786
 -15331
 30845
 -22212
 4916
 24972
 31939
 -21401
 -24005
 646
 -14279
 16928
 -24549
 3574
 -5683
 9472
 -13667
 2906
 784
 -9341
 -2602
 -10280
 -2816
 -21892
 29593
 -23867
 5458
 5933
 -12278
 29965
 16008
 -30716
 2303
 6756
 4079
 14751
 22822
 -32608
 -20661
 -755
 30968
 -16383
 -21261
 5944
 -31354
 -7340
 -21934
 24657
 -19441
 9002
 -20766
 -5259
 140
 -20670
 20817
 17101
 8732
 -1254
 -12147
 -2797
 7097
 -30846
 21657
 29666
 15565
 23374
 -825
 11273
 -11082
 4220
 5743
 -6584
 -23660
 15927
 -16606
 -4029
 24571
 27824
 -10699
 -28589
 24466
 24813
 -18712
 -10021
 -20719
 3126
 133
 30220
 11080
 6314
 20025
 32627
 26150
 -31705
 18203
 -10748
 2835
 -18108
 -27514
 -6624
 16844
 -28952
 -1564
 -29808
 -4040
 187
 -29529
 52
 -3509
 22853
 6832
 -17216
 8814
 1181
 26876
 -15139
 4880
 21260
 16858
 -13603
 30542
 -16924
 18548
 -19882
 10284
 932
 -15762
 2277
 11792
 -17631
 18313
 16589
 5463
 28020
 13178
 17290
 -11177
 -9630
 -17015
 27685
 -30922
 -3151
 15987
 25226
 -8090
 -16256
 -22193
 -29647
 -32672
 13033
 -6594
 7292
 21608
 8250
 -8469
 26563
 -2821
 -1540
 -17211
 -2494
 9630
 -7345
 -14552
 13189
 25790
 -12667
 -16336
 8984
 -1089
 27742
 -10035
 -10663
 -19935
 -982
 -9453
 -22932
 -26363
 22433
 -18596
 -15105
 10550
 -19732
 5154
 -9430
 -6106
 23455
 13234
 12229
 -1199
 28786
 22075
 15319
 -9192
 5199
 28698
 6276
 30551
 10946
 -12534
 20877
 26594
 21700
 24284
 17423
 -615
 -7858
 -20581
 23123
 -7181
 -2595
 -3149
 -14501
 2096
 -29058
 25222
 16079
 31867
 29702
 27192
 21606
 23932
 -3668
 6018
 -22477
 -6948
 22576
 14470
 -27288
 25167
 16278
 19272
 -14524
 31021
 13522
 24255
 -17148
 16238
 -29035
 14568
 20752
 -7630
 -5715
 23920
 9682
 -27199
 -1093
 -25739
 5647
 -513
 16700
 -11588
 -10789
 24560
 -16903
 8234
 -17480
 -31632
 -17500
 -10467
 -18807
 6393
 -15271
 -23085
 -31058
 -10537
 -13233
 22190
 2620
 30758
 3508
 17631
 -14664
 8500
 23574
 -11071
 -20819
 -10073
 12667
 -2556
 13828
 -7795
 -1789
 20133
 31896
 25832
 -3148
 -15044
 663
 -7082
 -21144
 -9128
 7439
 21463
 24169
 19110
 -20516
 31607
 1122
 -17353
 -7053
 -5245
 5754
 -24362
 14314
 6357
 23110
 -18374
 17159
 30302
 -27563
 -22998
 -8791
 11821
 32571
 13375
 -8546
 -18458
 27454
 -18432
 -10933
 -5312
 5065
 -3479
 -32082
 -13258
 -14881
 -11609
 -13927
 23188
 -9454
 -31654
 31174
 26021
 32279
 30429
 -5988
 26303
 32349
 -3314
 8045
 31987
 -20242
 14565
 26340
 32198
 -22395
 22817
 -31427
 -26215
 -24434
 583
 7706
 -23783
 -1034
 21991
 -29810
 -16621
 -19266
 -3982
 21809
 -15765
 30926
 -28069
 28851
 32747
 -21369
 17539
 -28905
 -11117
 -185
 5490
 -22506
 -4640
 32097
 -28571
 -25606
 -3400
 22719
 31184
 -3198
 30762
 -27763
 18928
 20223
 -8470
 32397
 1613
 -29986
 -8809
 -15862
 27089
 14998
 30639
 -4646
 -4324
 30814
 -31535
 -5716
 32635
 26699
 4301
 -20197
 10059
 21772
 -12210
 -10603
 26402
 29105
 1749
 21874
 -16437
 14149
 20382
 -7836
 -1155
 -5972
 4124
 30624
 -12304
 -557
 21915
 -12862
 4344
 8771
 3716
 -20000
 -15581
 -23033
 12390
 31586
 -4267
 -5115
 -7528
 7787
 -28778
 -18983
 -29255
 -18974
 29643
 -30601
 30746
 23206
 -120
 -12213
 11975
 17988
 13035
 12441
 9040
 26428
 -11774
 18546
 -32712
 10785
 -6351
 -12723
 20980
 -4256
 27938
 -24987
 -8957
 -1299
 2236
 28560
 -26848
 -4504
 250
 26162
 28894
 6557
 -14027
 -3168
 -5722
 24038
 -28805
 -5918
 -23059
 -10842
 22498
 -27335
 27152
 -26997
 -1329
 6837
 20692
 23211
 2080
 31826
 -12075
 -1508
 -32258
 2356
 24317
 29378
 -7277
 905
 29766
 26678
 -15693
 12957
 -30593
 -4377
 -15766
 15467
 -15040
 -9544
 27348
 24435
 6817
 26769
 -4818
 -11872
 29258
 9996
 503
 -9378
 5181
 -2067
 -6944
 -13129
 26262
 -13524
 -29577
 -29539
 27551
 -15161
 -22197
 -16494
 -14414
 -4126
 -3488
 -3815
 9535
 4926
 -13735
 -921
 -5620
 -310
 8883
 -11864
 29739
 -26873
 3637
 -6032
 13827
 8015
 -20577
 -493
 25516
 -9572
 31792
 -13889
 1404
 22615
 -23217
 -27566
 -2491
 -18019
 -2680
 -2164
 17937
 25090
 19992
 -26864
 26636
 8248
 -24722
 -12901
 -9244
 17356
 -15573
 -27758
 -11557
 29430
 -22486
 31269
 22328
 -27899
 -16369
 -23803
 3101
 2778
 1136
 -28096
 -27006
 -8848
 11763
 21578
 28553
 -26304
 -13188
 18945
 -17868
 12852
 4432
 24425
 8092
 27343
 17932
 3269
 -16607
 31186
 -23692
 -28866
 -5852
 -2223
 18364
 17272
 -18139
 -14175
 1145
 -16774
 -11641
 -5634
 23318
 23199
 32730
 14031
 -13125
 4335
 -10431
 18965
 24843
 -905
 23230
 3284
 6847
 -14062
 -4688
 -24249
 30951
 -24358
 18770
 23922
 20766
 31051
 -29339
 -15669
 19155
 14215
 12414
 21115
 -4576
 8842
 24242
 -4949
 4583
 -16832
 19755
 26630
 29298
 -24327
 -19697
 -19327
 -17320
 -23542
 -23906
 1055
 16527
 -26437
