-28214
 21467
-12602
-16297
-14577
 20389
 18874
  6193
  8108
 25642
 -7481
  7750
-29768
 24905
 -6285
 -8891
-25190
-15684
  2962
-18817
-16005
  1135
 -6145
 12180
-27379
-12105
 29273
   374
 -3338
-13436
-13137
-29962
 -9976
  1975
 25453
-14531
  4989
 -4001
 30820
-12183
 14144
 24765
 26230
 29197
-10150
  1818
-22515
  4468
 -8693
 -5822
-32453
  3460
-23722
  5393
 19494
  6527
-21097
 32659
 -1877
-27988
-10752
 20633
    62
 -2996
 16294
 13893
  6315
-17790
 13744
 -6216
 -1862
-22365
-10960
 27672
-17298
 27220
-15092
-26679
  5599
 30731
 -1988
-31666
 16268
 -5561
-19955
 25940
  8115
 29490
  8941
 12933
-32697
 -2118
-21509
-13582
 32005
-26313
 20480
-23439
-16204
-14398
  6147
-31596
-13402
 -7157
 23676
  6060
 27581
 31860
-32376
-15973
  3206
-14466
-18192
 14639
 26922
-26038
 13099
-27166
 30959
 26040
 -7299
-31060
 13029
 25238
  5962
 -6224
 14531
  9058
-18298
-17312
 -8586
 31761
-21839
 -7546
 -6372
-22541
-17295
  9789
-24537
-16218
 -2129
-18846
 20921
 21485
  3279
-29537
-31195
 -2573
 22241
-27765
 11410
 25321
-25772
  5886
 12934
  1454
 -8232
   854
  8977
-15685
 16468
 31482
-10467
 -6813
 20155
 -3033
-22798
 -7765
-32766
  7810
 25021
 13694
-12198
 -4325
-27499
-27915
-29275
 10140
 28442
-25178
-21556
-10364
-26376
 30224
 13248
-19572
 -6197
-15906
  -300
 16855
 12626
 31690
 20063
-29346
  6249
-17092
  -685
-18608
  1001
 32253
 18551
 10473
 29057
-29030
 -5458
-27652
-21669
  1807
 26669
 11946
-12993
-26884
-22387
-19955
  1931
 13004
  9758
 15127
 26763
 13202
 -2774
-26618
  4365
  5634
 23537
 16456
 27994
-24557
 15940
 -4970
-27959
 28351
-15907
-23421
 24531
-13761
-29321
 24667
 22085
 10049
-29447
 20143
 27784
   398
-25600
  1906
 27895
-10032
 20622
 17840
 -1913
-18229
 25223
-11340
  2678
   603
-10735
 24493
-20176
 11047
 -8535
 26915
  5440
 12083
  5100
 26005
-12851
-26747
-32750
 -5275
-19798
-25610
-17924
 28062
  4957
-13859
 24249
  5919
 10266
  3875
 -4942
   220
 12648
-11280
-19179
-20350
  8638
 -8444
  6028
-16710
  5540
 11522
-15575
   769
 22432
-15070
 -2784
-14747
 16814
-28039
 28091
 17405
 31174
 -5022
 18261
 11114
-29110
 12136
 14168
-18103
  4760
-10632
  4512
  9046
-32306
-26520
-29664
 -4815
-17606
  1115
 19504
-23880
-18102
-16489
  -777
 18263
 29922
 -9914
-17507
-23693
  5822
 -6389
 -4859
  3078
 10696
-25726
 12855
 13007
 19888
 -4108
 -9224
  3400
 -8423
  2130
 10342
-17315
-10214
-15747
-23079
-10226
 -5371
-27375
 20398
-13091
-26962
 10294
-21858
 21409
 22982
  9600
-12323
 -3210
  1766
  9927
 21358
 -6454
  5013
-16753
-12929
-13499
 22500
  2597
   824
  2095
-25954
  -208
-16227
 31750
  1754
 -6579
-16232
 -6847
  3926
 26964
  3914
 14462
 14804
-22857
 -9516
-32558
  3075
 31278
 30314
-13751
 14058
-16031
 25170
  4663
-18958
   248
-14839
  1806
  7854
  1838
  2233
 30349
-32143
-12817
-11163
-22561
-18022
 19446
-20411
  7959
 17749
  6133
 -7759
-17755
-30672
 24493
  5228
 11559
-16577
-19711
  8590
 -2922
  9496
-29679
 -3547
  7325
  5343
 16708
  5004
 11804
 -9427
  3361
 10508
 16278
-14559
-14036
  1671
-19342
 11998
  6608
-32148
-30868
  8334
 27708
 -5297
 -1709
 -2241
 30515
  1915
 25042
 20004
-32236
-12045
 20192
  9152
 -2216
 -1701
 27455
  -582
-16058
-12542
 -3031
 15982
 -8500
-25966
 -9698
-29642
-18081
 11275
-25561
 17803
 -8083
 -6146
 27884
-24442
 10497
-14747
 12252
  3485
-10212
  3917
 -9177
-18412
-12214
 -3445
 20457
  1531
-27437
 28429
 -5963
 27621
   713
 16496
-30912
 -6498
-31015
 30406
 21631
-15169
-28933
 -2704
-12336
  8144
 20880
 21767
 18933
-18570
-11402
 25240
 21790
-25140
 11010
-15342
  9806
-17471
  1752
-23833
 26893
-13919
-14608
 18860
 30144
 14382
 26490
-27710
  2858
-30710
-20685
  2239
 -8381
 21962
-26415
 -6682
  -659
  1753
 25845
 -8213
  3722
 28107
 11856
-26077
 23189
 15385
  4914
 22981
 10372
 -9394
-28820
-22985
-19643
 10029
-12638
  4050
 26010
-15944
 25424
-10801
   975
-17942
-15084
  5726
  7901
-15523
 27797
-29066
 23412
-30865
-15075
  9613
 17354
 20999
-15720
-15385
  8811
-19692
 -5432
-32621
  1771
-10835
 11873
-15440
-13445
 31108
-21914
-20531
-14978
-11542
  4895
 20864
 -7051
-31119
-20971
 18404
-22789
-11375
 25004
 -8055
  3954
 -3956
-32651
 29018
  8435
 18057
-16674
-27129
-31146
-11476
-11182
 29592
 -1628
-22576
  7953
-13237
 26682
 -6717
 20162
 -4330
  5464
  8879
 26774
-25454
  2400
  -917
 26391
  9671
  9639
-28429
 10035
 11736
-16152
-20307
  3908
 -2288
  1312
-29875
 24725
 -2250
 11571
 -3421
  4303
 -5162
 -9385
-32294
  2840
-10864
 11359
-12160
-19746
 -7966
 28291
-16750
-29957
 14400
-31846
-28578
-20883
-28122
-27687
  9647
-14412
  6905
 27812
 21830
-17709
-31404
-21004
-16902
-12752
 14093
 30204
  5524
  7379
-16327
-19199
 31114
-15654
-11329
  5730
-18984
 24835
  2486
-19144
-21308
-21957
 20813
  1330
 12206
-10455
 18905
 -9083
 -9528
 19768
  4344
-15963
-21138
 30999
 18564
    93
  7852
 -4628
-12515
 20409
-31135
-20282
 26330
  5561
 21372
 10544
-17732
 -7319
 10739
 -5272
  3799
 22429
 23754
  7566
 16813
 16382
-26087
  7427
-26288
  2798
 29921
   560
 -7851
 -3192
 31443
-20443
-10329
  3071
 32397
  5786
  -102
-18993
-20779
-24841
 -7040
  9060
 29014
 -7651
-17882
-28494
  8447
-10868
-25809
-28208
 -8039
 26564
-23329
  7638
-12832
 31925
-19331
 19305
-30990
 -4403
 23595
 22195
  9419
-20672
  2125
 29317
 26803
 27997
 -6885
  8033
   885
 15909
  7765
 -2986
-22822
 12110
-28574
 27180
-26203
-26771
  4499
-26858
-15808
 -3088
 -7950
-14432
 -6956
 -6781
 16103
  2148
-23696
-23700
-22081
  2718
 -5514
-24788
 -6768
-32550
 24425
 -1095
-30341
-21491
 17821
  1105
 32433
 -9230
-18876
 13469
  8015
 15360
 22999
 14396
 -5493
 31809
-31328
-25132
 16749
-16360
 26507
   218
-16873
 32475
-25652
 -7007
 31384
 -2443
 20673
-25032
-29983
 -9316
-16367
 -2446
  1562
-13488
-32472
 28227
 28775
 24665
 19490
 -6241
 31716
-13899
  6597
  1817
 11537
 22502
 22597
 22193
-28347
-23341
  1465
 17473
-27361
-15658
 20462
 -3263
 14437
-15537
-31889
-30132
 26960
 18460
 -4569
-17910
-15321
 -9961
-26506
-31836
 18773
 12230
-10629
  4821
-32386
 28338
-17903
 10455
  5948
-19267
 17480
-22959
-27557
 -8249
 -7031
-20338
 24797
 21790
-26631
 24738
 -3655
 25791
-10924
 25793
-30675
 14716
 23694
 22011
-21542
 -2668
 10196
 30521
 -6099
-25332
-31207
 -5490
-27678
 -2990
-15316
 -6072
 19403
 -9719
-31611
 -6649
 -3060
-11269
-25205
-30791
-14419
-30551
-22339
 14823
 -9629
 26263
-30554
 24686
  4025
  8640
-27887
-10779
 23421
 14697
 14671
 -7981
 -9954
 -4703
 16383
 26699
 13648
-22934
 13185
  1233
 21473
  4204
 18252
-30265
-28751
 -4660
 30045
 16753
 31123
-25169
 29408
-27132
 13878
-29052
 19404
 21200
-27633
 -7307
 20801
-18884
-25327
-18486
-21795
 11170
-16468
 31763
-16464
 -9903
 14400
 20574
  1973
-17080
-23486
-27617
 -9942
 15701
 12525
  5520
 31915
 31536
 11795
-13586
 26088
 -8687
  4945
-11715
 -4691
 -3185
 10475
  6960
 31706
-25435
 -1580
 -6024
 21602
 17077
 20956
 19335
 -4875
 19959
 -2045
 20202
 10536
  1379
  9375
 -8903
 21123
 31152
  9561
 20502
 27000
 11075
-20589
  7115
 23153
-27211
 -3078
-13330
 21510
 -4841
-13098
 25156
-31184
 32052
 15559
-26660
  -486
 10128
-22042
 18203
-13843
-27407
 24821
 22340
-15763
 -2988
 -8064
 -1355
 15843
  6334
 12398
 20370
 20537
 12423
 -2190
-21218
 26603
-12085
 10702
 14100
 21693
 29794
-23694
 19514
-30850
-17039
 18139
 21630
-32433
  3631
-20267
  2775
   -18
-24560
-18267
 20905
 22127
  8150
 12773
   604
-11761
-30621
 32255
 18469
 -3287
  -422
-10364
-20961
-12122
 -3346
  4796
-15116
 20343
-30647
  8049
-22732
 -1420
 21358
-24006
-25339
 22241
-14145
 18323
 -1496
 26731
-15740
 17311
  3885
 17080
  8667
-20086
  6494
 25593
  4620
-26979
  -333
-15340
 -9342
 -6894
-12011
 -8330
-12244
-22351
-22612
-21326
-19770
-26351
-30439
  6591
-13156
 -8121
 21349
 -7450
-29185
   433
-26825
  8851
 21540
-11892
 -1580
 -1257
 26177
 14765
 16380
-27681
 -6043
  4552
 28942
 31973
-10733
  6448
 25463
 -4124
-26297
  2962
  5942
-25655
-24413
 12077
-28587
 28031
 -8994
  9693
 -8400
 19244
 25034
-28152
  2633
 -3726
 28897
  1297
 25275
   -67
 21050
 11375
 -9633
 16258
 23447
 22851
-17591
 -9526
 23515
 25696
-19280
 20054
  8473
-29595
 24179
  3601
-20641
 23326
 14594
-12897
-25986
 -3796
  2186
  -474
 11058
  7678
  3727
 18870
  4105
  8974
-11926
  9728
 20638
-10372
-25503
-20692
 -3773
 14998
 -3334
  4226
-31507
-11619
 -7163
 24780
 18686
 13627
 -1977
-23994
  2575
 32104
 31668
 25069
-32686
 -6607
 16443
-21736
-14473
 -5044
-32580
-27302
  9377
 12259
  2550
-12523
 -8071
 -9967
  7725
 24236
  9030
 16892
  5044
-27332
 14573
-19432
 24001
 -3004
-16858
  4794
 32442
 -7311
 30335
-29630
  2830
  8994
-25241
-19903
  7269
  5350
 -7259
 28953
-24451
 10952
-15535
-28584
-27746
-17043
 23418
-21322
 27687
 30226
 22275
 13905
-15008
   -47
-28029
 11900
-26942
 27767
-13306
 16144
-24576
-16802
  -214
-12413
 -8845
-27217
-30925
-12938
  6424
  2187
 21642
-19188
 31151
  7711
 27832
 -1202
 21579
-30370
 15574
-21563
 15884
-19079
 -4122
-22344
 31385
-12249
-16516
 20234
  -836
 -2914
-26201
  5072
 10184
 30022
-19715
  2425
-32198
 -1055
-30453
  4908
 31353
 22381
 -2423
    54
 -5787
-19943
 17171
 -9504
-13220
 13285
 22004
 11622
-14996
 17723
 28355
 17363
 15996
 30324
-20549
 11088
-26388
  6332
-16275
  3554
 11783
  6570
 13810
 21427
-12001
  8874
  3740
  6134
 -1592
 18744
-14149
-30591
 -8813
 27530
 18244
-24698
 12941
  9657
-27740
-15949
  2940
-17301
 23118
-25784
  9393
 32391
 16034
-10883
-27843
-28487
 16858
 23174
 -3902
 16897
 12122
 24558
-21426
  6674
-22141
 13052
 29319
  4520
 -4786
 29864
  7879
 -4460
 -7401
   467
 29208
-24140
  2686
-16779
   -19
-14392
 16133
-11496
 23615
-19984
  8170
  6495
 22663
-25931
-17748
 30529
 18684
-30883
 30696
  6450
-18983
-28326
-20896
-19302
 24649
-28858
-22402
-22579
  6306
 29681
-19350
  1821
-16608
 13901
  1653
 20617
-22097
 29241
   718
-12451
 20749
-18520
 19564
-24651
 -1512
-10612
 21531
 15314
 21077
 21866
-11948
 -1926
 -8650
 27078
 21687
 17398
 -1775
 13128
-30078
-25978
 31910
 -6560
 22288
 -3036
-18750
 27533
-18025
-24707
-19174
 29701
 11876
  1774
 27844
 15060
-31947
  5481
-20734
-25625
-10435
 24184
-15747
-30006
-26178
 17806
 10894
 -2557
 11154
 23514
 -9460
 29870
-18693
-10082
-19893
 16883
 -9421
-14128
 14751
 19911
 30085
 11346
  -936
-13546
-15175
  4375
-31922
-20489
-15527
 -2268
 -3156
 23586
-31897
-15865
-10343
  3512
 -7994
-11302
 -5632
-18565
 28197
 21820
  7652
-21979
  9971
  9199
 25089
-10652
 21648
-13047
-10869
 -8151
  4757
-26712
 26867
  9554
-29764
 -9904
  3575
  4918
 23846
 18231
 23511
 26673
 -7380
-31370
 20901
  5929
 20965
 -1885
 26921
-12473
 -9936
 24514
 28138
 30868
  -407
 26849
 -6582
 12481
-16775
 23365
 -2176
 -2797
 -9265
 13330
 11763
 29829
 10948
 20380
-20642
 -2520
 -6271
 -8413
 -2628
-11745
-12647
 20651
  5251
  1931
  9821
 21617
 19925
-11239
  3521
-27286
-26626
 27601
 14298
-29064
-16178
-25298
-21799
-14878
-21139
 31240
  3347
 27002
-19204
 26933
 25497
  5670
 12834
 32745
  3919
 -9215
 25169
-21145
 26844
 11947
-15553
 -8723
  4937
 15229
-20030
-30000
 -7948
 32713
 19308
 10083
-16546
  -491
 14855
  9547
-15354
  -903
 -8983
  8464
   587
 -5118
 -1898
-29314
-18265
 31107
 27933
 22283
-19581
 18906
 -6035
-18845
-26664
 17278
 16870
  7680
  2686
  2798
-23672
-29811
  8758
