 -6866
 -20596
 -9659
 12699
 -20297
 13625
 -9026
 12177
 20101
 13456
 -13091
 11547
 18482
 11958
 -10332
 -10967
 4601
 8747
 -17590
 -4527
 -25138
 -4770
 -1370
 -11822
 -3537
 931
 16374
 -22358
 15590
 -13278
 13716
 -17982
 8334
 -180
 19853
 6967
 13367
 16659
 -5033
 8574
 19106
 14041
 -9539
 4309
 10539
 2299
 2357
 2286
 9085
 -25298
 -6777
 -337
 4872
 -8241
 11648
 25916
 8667
 7795
 -4767
 1674
 -18941
 1829
 -5897
 3886
 30373
 32530
 -13258
 -27889
 7631
 -8410
 -10855
 10154
 -4370
 22316
 20480
 6285
 25963
 -7830
 -20697
 -1079
 11211
 -22424
 -7053
 -5258
 7271
 15600
 -20257
 6831
 -3785
 10783
 10646
 5622
 -6273
 7724
 -31126
 -3705
 6956
 -5606
 -18524
 -6309
 1801
 4307
 2479
 16932
 -8227
 8697
 -6128
 -650
 13983
 2786
 7819
 5061
 -12881
 -14147
 29214
 -23772
 -1320
 8491
 9997
 3344
 -11028
 1096
 12229
 -6008
 -209
 -25140
 -7709
 3278
 -12692
 -1111
 -9311
 -18011
 6295
 -1479
 2791
 19342
 -10673
 1732
 -25304
 -20985
 522
 -8759
 3364
 2993
 -27024
 -1997
 2095
 -19610
 5187
 6226
 -1642
 -28913
 20106
 -13592
 17704
 -2664
 168
 -17874
 7120
 -1671
 -30673
 13462
 658
 20989
 -14638
 -8005
 6101
 -11905
 -22548
 -4494
 -2922
 8931
 22978
 13620
 -12460
 4396
 -9582
 -31006
 -10894
 -3025
 -7166
 -5135
 3659
 -24388
 6756
 -7674
 -3349
 19363
 -25895
 -14393
 -3261
 5949
 -11049
 19148
 -14769
 9618
 -4544
 -2846
 10893
 -4073
 -16020
 -18218
 -12733
 8244
 5901
 -3045
 -6704
 -11724
 -4768
 23491
 18342
 29064
 -7661
 -14887
 7061
 -21366
 -10334
 -18736
 8693
 -9481
 -18089
 8526
 -332
 26531
 -7074
 6010
 15883
 12815
 -16116
 -12355
 -7647
 -826
 -6418
 -18338
 -10197
 -24620
 -26792
 9135
 10947
 -7363
 -3936
 -19377
 1623
 -10080
 -4618
 25070
 -5139
 114
 -25770
 -13944
 -6181
 -6565
 2190
 5467
 27171
 -30215
 -17400
 3379
 -33
 -21644
 -556
 -28158
 -1295
 -8045
 114
 1797
 29614
 -13040
 3611
 -22827
 -20888
 9953
 -18746
 -4262
 15009
 -18122
 -7395
 -18683
 9376
 -5688
 -1951
 -7786
 3595
 -4449
 -8373
 -11884
 2258
 3166
 -9741
 -4307
 2539
 22508
 7542
 2458
 5445
 477
 -1943
 -6560
 3626
 5193
 11547
 -10996
 2200
 16049
 -12805
 7741
 -10046
 -11082
 6254
 26721
 -657
 14670
 -21248
 19752
 4665
 -7592
 3814
 -25247
 5150
 9180
 7215
 -11237
 3826
 -24342
 5450
 -28167
 21514
 14321
 -26154
 -5730
 25647
 -20542
 23439
 -4036
 -978
 -4436
 -6638
 21367
 4623
 6691
 15510
 2304
 16057
 16340
 15060
 8513
 -10913
 12035
 25520
 1524
 18130
 -1376
 -9573
 31616
 -12192
 17565
 -5924
 -8922
 177
 -18668
 -16178
 -5909
 -4624
 -15119
 -17711
 5946
 3902
 -172
 -21735
 30096
 24701
 -20489
 -25876
 -31820
 2385
 11958
 3313
 14494
 -10959
 -11512
 -12975
 1087
 -409
 -5641
 -12633
 7247
 -14892
 -16539
 10085
 96
 9339
 7537
 -20583
 1387
 -26268
 3403
 4111
 23938
 -5647
 -28209
 -6838
 -21914
 -11341
 -1157
 -30885
 -10165
 6503
 11852
