 30455
 -14714
 3067
 5661
 6434
 8895
 6484
 -11793
 -121
 -16840
 12034
 2206
 8516
 9883
 2089
 5461
 103
 15872
 53
 -7160
 12038
 -13073
 16324
 19050
 12278
 -825
 1869
 -13750
 -2802
 2279
 -4888
 14005
 -2017
 13233
 515
 4218
 643
 843
 2326
 6470
 20175
 10158
 -3774
 -9537
 -9844
 -2945
 18020
 -4812
 12395
 -6530
 2975
 865
 -2513
 9978
 9859
 16439
 12109
 4479
 -872
 -972
 11845
 -10134
 -8542
 23861
 -3465
 17770
 952
 8013
 20139
 9561
 -9355
 -10818
 530
 -6128
 -11858
 10190
 -17131
 -1886
 -5192
 12332
 -4444
 5710
 -2948
 17628
 5154
 16040
 9188
 -4487
 8416
 -20561
 5886
 -3196
 9681
 -22955
 -1474
 1373
 -23276
 11829
 14376
 3467
 -4969
 1473
 10341
 -1946
 -10812
 -2430
 2433
 -25185
 -9613
 -22224
 1523
 -13843
 18006
 14618
 -14029
 -11783
 -6838
 -19534
 7637
 8804
 -11950
 4544
 19487
 -22283
 14049
 -17857
 -13568
 624
 1942
 -4921
 17559
 2156
 1480
 -2368
 -17958
 12126
 12016
 3183
 14379
 -14145
 -6033
 4709
 11338
 10319
 2776
 -10361
 -24025
 -18148
 -6401
 13934
 -1845
 -6146
 -19791
 16783
 -17249
 6516
 2733
 -12808
 5986
 -17125
 -9000
 12879
 -4927
 -15278
 7918
 17088
 -6987
 7702
 -15502
 7999
 -2456
 17183
 -12697
 -10065
 -1216
 2790
 1323
 7740
 4179
 -1413
 -17345
 -2299
 13111
 3432
 9167
 -707
 -1000
 -8971
 21224
 -12841
 -7951
 -5577
 19997
 -17664
 6285
 2992
 -4562
 -885
 8268
 8691
 -113
 3640
 255
 21119
 5917
 -4200
 4615
 4502
 -4175
 -24013
 3835
 3965
 -11
 11289
 6971
 -6022
 -5840
 2203
 -6250
 9953
 -13141
 -7339
 1140
 2458
 -1879
 9568
 -15906
 13879
 950
 -6970
 -5245
 11647
 -23816
 1035
 -6617
 7468
 -3687
 -7753
 9538
 5709
 9774
 7502
 -18010
 6213
 55
 13075
 -14058
 14054
 12037
 6426
 -11076
 -18440
 -10406
 18091
 -5585
 3351
 3744
 5248
 21851
 -20814
 -11931
 -8145
 -12277
 -16548
 15457
 20096
 3108
 -8868
 -3523
 20348
 7740
 13979
 3917
 -4541
 -3321
 -3094
 -6063
 -20738
 -6553
 6383
 -11473
 7566
 10404
 1532
 -5276
 20820
 8474
 10559
 23991
 -1939
 -2152
 6353
 2057
 13290
 -10955
 -7297
 -13193
 -4639
 -57
 -1315
 21546
 -2921
 20708
 16420
 11107
 -7203
 12295
 -10598
 -5318
 -313
 -2320
 5758
 6163
 -2947
 -10506
 41
 5183
 11082
 -7098
 25638
 15218
 -16864
 -8815
 17764
 802
 -4147
 2120
 8780
 -14298
 6663
 6898
 18710
 9716
 19330
 -6138
 -23731
 9260
 5618
 6911
 8219
 6885
 1337
 8352
 -7338
 1575
 -9674
 3061
 -1269
 -9572
 26677
 -15030
 -8822
 -18124
 4478
 -12215
 16150
 -7628
 -13402
 -4000
 -5775
 12309
 -3805
 -17890
 2635
 16993
 9912
 -26614
 15153
 8355
 -24194
 1849
 -9272
 20722
 -5
 10537
 -11922
 8323
 892
 23525
 -4524
 -16667
 -12656
 -13406
 8933
 -5598
 15781
 -18665
 -23491
 -1043
 -2634
 7418
 -19399
 1897
 2189
 7366
 846
 24219
 -3379
 -2790
 -954
 -14832
 19819
 -12988
 -15656
 -2079
 4090
 -13112
 6557
