 5646
 31726
 -15434
 -5367
 -10532
 -14200
 15501
 -17288
 2295
 6465
 -16247
 17247
 18325
 9949
 -26850
 -15068
 17530
 5031
 3063
 9679
 -1654
 -207
 -827
 10201
 -18987
 23258
 2407
 -5279
 -6450
 28107
 3350
 6255
 2960
 15007
 -10024
 27118
 19499
 -18571
 -11014
 55
 -31579
 23687
 -16888
 18507
 23843
 549
 -9857
 -9060
 -32575
 17453
 -22676
 -18551
 18110
 -32549
 1433
 356
 23135
 20705
 -4690
 20633
 12561
 5194
 -8510
 -1548
 1364
 -5006
 8356
 30298
 -14404
 -12560
 -1148
 -5624
 -14898
 -29019
 5195
 10829
 -13988
 2777
 -3036
 -20035
 -15309
 -7943
 4605
 -15528
 2264
 -4471
 10131
 12910
 32415
 7088
 2164
 3440
 4348
 29675
 -13712
 8665
 -2203
 -9482
 11380
 9004
 -23429
 10891
 -2597
 -15487
 1347
 7550
 -8552
 253
 -8666
 8893
 -7536
 -16867
 24580
 2115
 -2943
 6869
 15191
 -1709
 8061
 -6785
 11383
 -8541
 5024
 3713
 9800
 -2689
 8871
 -2896
 24562
 -9716
 12311
 12266
 -1891
 19238
 4522
 -1110
 23674
 10949
 -24132
 -729
 12577
 28822
 -5227
 -14207
 -9597
 2384
 5952
 -1329
 -20705
 -6624
 9469
 -12483
 -3918
 -24442
 -30191
 17601
 17460
 31208
 -7432
 -19274
 28497
 13321
 -3584
 -25253
 3834
 -4199
 -6697
 -23868
 -11702
 -24002
 13412
 7508
 19052
 -8917
 -7904
 21396
 15265
 18018
 -6660
 18383
 -2658
 -3353
 660
 -19149
 -7303
 10764
 -7990
 -12226
 -9815
 510
 290
 -9543
 8635
 14499
 -1515
 15607
 -1736
 5011
 -10228
 -6480
 19528
 -18830
 21018
 7925
 -6117
 16787
 16424
 -2968
 -14539
 -3811
 -13176
 10215
 4090
 -8825
 -12593
 -12922
 -15327
 -8623
 -6237
 32247
 -1662
 -12061
 -18790
 -18634
 13242
 13047
 1836
 29516
 682
 -21584
 10004
 -5139
 15947
 -15323
 15656
 2155
 -22075
 23199
 2857
 132
 -8884
 15666
 -12309
 -17564
 13603
 -279
 -1852
 -1964
 11816
 -14918
 15764
 14593
 11779
 3766
 -4273
 19010
 13725
 22105
 -19970
 29989
 22189
 -14008
 -9186
 -22666
 31917
 8432
 11546
 1513
 5769
 14849
 8190
 13535
 21531
 -8803
 17020
 23537
 -7770
 15494
 -7178
 5546
 16324
 13059
 -2290
 8892
 23847
 -1948
 -7561
 14665
 5165
 25252
 -15641
 -12657
 23848
 -4923
 423
 4563
 -24017
 -14400
 15758
 -3357
 -1586
 -9262
 -5583
 30667
 -29293
 -18101
 28076
 290
 -16838
 20052
 27124
 5862
 31477
 -27207
 27600
 18168
 -8599
 -28614
 -6871
 15064
 -16794
 6381
 -7448
 901
 7400
 -15302
 -1400
 -2365
 -14578
 17114
 -9993
 -12381
 2588
 -16118
 4659
 4332
 -2742
 1728
 3641
 -27399
 10640
 -32467
 5704
 -3188
 515
 -4262
 3800
 -28117
 -13717
 -23009
 4361
 -19185
 3670
 30073
 24352
 -4824
 2494
 7597
 4229
 27835
 -27107
 -6779
 -6774
 1127
 24307
 -19375
 -11253
 5042
 21966
 -3751
 -5911
 -10804
 -9728
 -9963
 -13595
 659
 14565
 30508
 -10061
 -24688
 3491
 1063
 3098
 20827
 9841
 -5058
 -6010
 6012
 11634
 4914
 -5134
 -305
 3254
 -17644
 18422
 8782
 -13523
 11318
 -495
 7566
 32614
 -14428
 -8363
 6751
 14341
 -19938
 -4300
 -16046
